     12.00000000    -12.00000000 2401      8.93860779      1.00000000
      8.730  0.1475E+02  0.1444E+02  0.1267E+03  0.1218E+03
      8.740  0.1380E+02  0.1467E+02  0.1269E+03  0.1219E+03
      8.750  0.1280E+02  0.1484E+02  0.1270E+03  0.1221E+03
      8.760  0.1183E+02  0.1485E+02  0.1271E+03  0.1222E+03
      8.770  0.1093E+02  0.1464E+02  0.1272E+03  0.1224E+03
      8.780  0.1012E+02  0.1421E+02  0.1273E+03  0.1225E+03
      8.790  0.9421E+01  0.1360E+02  0.1274E+03  0.1226E+03
      8.800  0.8793E+01  0.1292E+02  0.1275E+03  0.1228E+03
      8.810  0.8191E+01  0.1229E+02  0.1276E+03  0.1229E+03
      8.820  0.7557E+01  0.1179E+02  0.1277E+03  0.1230E+03
      8.830  0.6839E+01  0.1144E+02  0.1278E+03  0.1231E+03
      8.840  0.6013E+01  0.1120E+02  0.1278E+03  0.1232E+03
      8.850  0.5092E+01  0.1097E+02  0.1279E+03  0.1233E+03   
      8.860  0.4126E+01  0.1064E+02  0.1279E+03  0.1235E+03
      8.870  0.3182E+01  0.1012E+02  0.1279E+03  0.1236E+03
      8.880  0.2330E+01  0.9368E+01  0.1280E+03  0.1236E+03
      8.890  0.1617E+01  0.8418E+01  0.1280E+03  0.1237E+03
      8.900  0.1062E+01  0.7340E+01  0.1280E+03  0.1238E+03
      8.910  0.6604E+00  0.6245E+01  0.1280E+03  0.1239E+03
      8.920  0.3886E+00  0.5252E+01  0.1280E+03  0.1239E+03
      8.930  0.2163E+00  0.4471E+01  0.1280E+03  0.1240E+03
      8.940  0.1138E+00  0.3979E+01  0.1280E+03  0.1240E+03
      8.950  0.5649E-01  0.3809E+01  0.1280E+03  0.1240E+03
      8.960  0.2649E-01  0.3950E+01  0.1280E+03  0.1241E+03
      8.970  0.1187E-01  0.4348E+01  0.1280E+03  0.1241E+03
      8.980  0.5574E-02  0.4924E+01  0.1280E+03  0.1242E+03
      8.990  0.4076E-02  0.5585E+01  0.1280E+03  0.1242E+03
      9.000  0.6538E-02  0.6239E+01  0.1280E+03  0.1243E+03
      9.010  0.1459E-01  0.6806E+01  0.1280E+03  0.1244E+03
      9.020  0.3273E-01  0.7222E+01  0.1280E+03  0.1244E+03
      9.030  0.6899E-01  0.7442E+01  0.1280E+03  0.1245E+03
      9.040  0.1355E+00  0.7440E+01  0.1280E+03  0.1246E+03
      9.050  0.2480E+00  0.7212E+01  0.1280E+03  0.1247E+03
      9.060  0.4235E+00  0.6780E+01  0.1280E+03  0.1247E+03
      9.070  0.6762E+00  0.6197E+01  0.1280E+03  0.1248E+03
      9.080  0.1012E+01  0.5544E+01  0.1280E+03  0.1248E+03
      9.090  0.1424E+01  0.4915E+01  0.1280E+03  0.1249E+03
      9.100  0.1893E+01  0.4402E+01  0.1281E+03  0.1249E+03
      9.110  0.2387E+01  0.4081E+01  0.1281E+03  0.1250E+03
      9.120  0.2878E+01  0.3996E+01  0.1281E+03  0.1250E+03
      9.130  0.3340E+01  0.4154E+01  0.1281E+03  0.1251E+03
