    # Energy          Fe          Si
   -21.20529     0.00000     0.00000
   -21.19529     0.00000     0.00000
   -21.18629     0.00000     0.00000
   -21.17629     0.00000     0.00000
   -21.16729     0.00000     0.00000
   -21.15729     0.00000     0.00000
   -21.14729     0.00000     0.00000
   -21.13829     0.00000     0.00000
   -21.12829     0.00000     0.00000
   -21.11929     0.00000     0.00000
   -21.10929     0.00000     0.00000
   -21.09929     0.00000     0.00000
   -21.09029     0.00000     0.00000
   -21.08029     0.00000     0.00000
   -21.07129     0.00000     0.00000
   -21.06129     0.00000     0.00000
   -21.05129     0.00000     0.00000
   -21.04229     0.00000     0.00000
   -21.03229     0.00000     0.00000
   -21.02329     0.00000     0.00000
   -21.01329     0.00000     0.00000
   -21.00329     0.00000     0.00000
   -20.99429     0.00000     0.00000
   -20.98429     0.00000     0.00000
   -20.97529     0.00000     0.00000
   -20.96529     0.00000     0.00000
   -20.95529     0.00000     0.00000
   -20.94629     0.00000     0.00000
   -20.93629     0.00000     0.00000
   -20.92629     0.00000     0.00000
   -20.91729     0.00000     0.00000
   -20.90729     0.00000     0.00000
   -20.89829     0.00000     0.00000
   -20.88829     0.00000     0.00000
   -20.87829     0.00000     0.00000
   -20.86929     0.00000     0.00000
   -20.85929     0.00000     0.00000
   -20.85029     0.00000     0.00000
   -20.84029     0.00000     0.00000
   -20.83029     0.00000     0.00000
   -20.82129     0.00000     0.00000
   -20.81129     0.00000     0.00000
   -20.80229     0.00000     0.00000
   -20.79229     0.00000     0.00000
   -20.78229     0.00000     0.00000
   -20.77329     0.00000     0.00000
   -20.76329     0.00000     0.00000
   -20.75429     0.00000     0.00000
   -20.74429     0.00000     0.00000
   -20.73429     0.00000     0.00000
   -20.72529     0.00000     0.00000
   -20.71529     0.00000     0.00000
   -20.70629     0.00000     0.00000
   -20.69629     0.00000     0.00000
   -20.68629     0.00000     0.00000
   -20.67729     0.00000     0.00000
   -20.66729     0.00000     0.00000
   -20.65829     0.00000     0.00000
   -20.64829     0.00000     0.00000
   -20.63829     0.00000     0.00000
   -20.62929     0.00000     0.00000
   -20.61929     0.00000     0.00000
   -20.61029     0.00000     0.00000
   -20.60029     0.00000     0.00000
   -20.59029     0.00000     0.00000
   -20.58129     0.00000     0.00000
   -20.57129     0.00000     0.00000
   -20.56229     0.00000     0.00000
   -20.55229     0.00000     0.00000
   -20.54229     0.00000     0.00000
   -20.53329     0.00000     0.00000
   -20.52329     0.00000     0.00000
   -20.51429     0.00000     0.00000
   -20.50429     0.00000     0.00000
   -20.49429     0.00000     0.00000
   -20.48529     0.00000     0.00000
   -20.47529     0.00000     0.00000
   -20.46629     0.00000     0.00000
   -20.45629     0.00000     0.00000
   -20.44629     0.00000     0.00000
   -20.43729     0.00000     0.00000
   -20.42729     0.00000     0.00000
   -20.41729     0.00000     0.00000
   -20.40829     0.00000     0.00000
   -20.39829     0.00000     0.00000
   -20.38929     0.00000     0.00000
   -20.37929     0.00000     0.00000
   -20.36929     0.00000     0.00000
   -20.36029     0.00000     0.00000
   -20.35029     0.00000     0.00000
   -20.34129     0.00000     0.00000
   -20.33129     0.00000     0.00000
   -20.32129     0.00000     0.00000
   -20.31229     0.00000     0.00000
   -20.30229     0.00000     0.00000
   -20.29329     0.00000     0.00000
   -20.28329     0.00000     0.00000
   -20.27329     0.00000     0.00000
   -20.26429     0.00000     0.00000
   -20.25429     0.00000     0.00000
   -20.24529     0.00000     0.00000
   -20.23529     0.00000     0.00000
   -20.22529     0.00000     0.00000
   -20.21629     0.00000     0.00000
   -20.20629     0.00000     0.00000
   -20.19729     0.00000     0.00000
   -20.18729     0.00000     0.00000
   -20.17729     0.00000     0.00000
   -20.16829     0.00000     0.00000
   -20.15829     0.00000     0.00000
   -20.14929     0.00000     0.00000
   -20.13929     0.00000     0.00000
   -20.12929     0.00000     0.00000
   -20.12029     0.00000     0.00000
   -20.11029     0.00000     0.00000
   -20.10129     0.00000     0.00000
   -20.09129     0.00000     0.00000
   -20.08129     0.00000     0.00000
   -20.07229     0.00000     0.00000
   -20.06229     0.00000     0.00000
   -20.05329     0.00000     0.00000
   -20.04329     0.00000     0.00000
   -20.03329     0.00000     0.00000
   -20.02429     0.00000     0.00000
   -20.01429     0.00000     0.00000
   -20.00529     0.00000     0.00000
   -19.99529     0.00000     0.00000
   -19.98529     0.00000     0.00000
   -19.97629     0.00000     0.00000
   -19.96629     0.00000     0.00000
   -19.95729     0.00000     0.00000
   -19.94729     0.00000     0.00000
   -19.93729     0.00000     0.00000
   -19.92829     0.00000     0.00000
   -19.91829     0.00000     0.00000
   -19.90829     0.00000     0.00000
   -19.89929     0.00000     0.00000
   -19.88929     0.00000     0.00000
   -19.88029     0.00000     0.00000
   -19.87029     0.00000     0.00000
   -19.86029     0.00000     0.00000
   -19.85129     0.00000     0.00000
   -19.84129     0.00000     0.00000
   -19.83229     0.00000     0.00000
   -19.82229     0.00000     0.00000
   -19.81229     0.00000     0.00000
   -19.80329     0.00000     0.00000
   -19.79329     0.00000     0.00000
   -19.78429     0.00000     0.00000
   -19.77429     0.00000     0.00000
   -19.76429     0.00000     0.00000
   -19.75529     0.00000     0.00000
   -19.74529     0.00000     0.00000
   -19.73629     0.00000     0.00000
   -19.72629     0.00000     0.00000
   -19.71629     0.00000     0.00000
   -19.70729     0.00000     0.00000
   -19.69729     0.00000     0.00000
   -19.68829     0.00000     0.00000
   -19.67829     0.00000     0.00000
   -19.66829     0.00000     0.00000
   -19.65929     0.00000     0.00000
   -19.64929     0.00000     0.00000
   -19.64029     0.00000     0.00000
   -19.63029     0.00000     0.00000
   -19.62029     0.00000     0.00000
   -19.61129     0.00000     0.00000
   -19.60129     0.00000     0.00000
   -19.59229     0.00000     0.00000
   -19.58229     0.00000     0.00000
   -19.57229     0.00000     0.00000
   -19.56329     0.00000     0.00000
   -19.55329     0.00000     0.00000
   -19.54429     0.00000     0.00000
   -19.53429     0.00000     0.00000
   -19.52429     0.00000     0.00000
   -19.51529     0.00000     0.00000
   -19.50529     0.00000     0.00000
   -19.49629     0.00000     0.00000
   -19.48629     0.00000     0.00000
   -19.47629     0.00000     0.00000
   -19.46729     0.00000     0.00000
   -19.45729     0.00000     0.00000
   -19.44729     0.00000     0.00000
   -19.43829     0.00000     0.00000
   -19.42829     0.00000     0.00000
   -19.41929     0.00000     0.00000
   -19.40929     0.00000     0.00000
   -19.39929     0.00000     0.00000
   -19.39029     0.00000     0.00000
   -19.38029     0.00000     0.00000
   -19.37129     0.00000     0.00000
   -19.36129     0.00000     0.00000
   -19.35129     0.00000     0.00000
   -19.34229     0.00000     0.00000
   -19.33229     0.00000     0.00000
   -19.32329     0.00000     0.00000
   -19.31329     0.00000     0.00000
   -19.30329     0.00000     0.00000
   -19.29429     0.00000     0.00000
   -19.28429     0.00000     0.00000
   -19.27529     0.00000     0.00000
   -19.26529     0.00000     0.00000
   -19.25529     0.00000     0.00000
   -19.24629     0.00000     0.00000
   -19.23629     0.00000     0.00000
   -19.22729     0.00000     0.00000
   -19.21729     0.00000     0.00000
   -19.20729     0.00000     0.00000
   -19.19829     0.00000     0.00000
   -19.18829     0.00000     0.00000
   -19.17929     0.00000     0.00000
   -19.16929     0.00000     0.00000
   -19.15929     0.00000     0.00000
   -19.15029     0.00000     0.00000
   -19.14029     0.00000     0.00000
   -19.13129     0.00000     0.00000
   -19.12129     0.00000     0.00000
   -19.11129     0.00000     0.00000
   -19.10229     0.00000     0.00000
   -19.09229     0.00000     0.00000
   -19.08329     0.00000     0.00000
   -19.07329     0.00000     0.00000
   -19.06329     0.00000     0.00000
   -19.05429     0.00000     0.00000
   -19.04429     0.00000     0.00000
   -19.03529     0.00000     0.00000
   -19.02529     0.00000     0.00000
   -19.01529     0.00000     0.00000
   -19.00629     0.00000     0.00000
   -18.99629     0.00000     0.00000
   -18.98729     0.00000     0.00000
   -18.97729     0.00000     0.00000
   -18.96729     0.00000     0.00000
   -18.95829     0.00000     0.00000
   -18.94829     0.00000     0.00000
   -18.93829     0.00000     0.00000
   -18.92929     0.00000     0.00000
   -18.91929     0.00000     0.00000
   -18.91029     0.00000     0.00000
   -18.90029     0.00000     0.00000
   -18.89029     0.00000     0.00000
   -18.88129     0.00000     0.00000
   -18.87129     0.00000     0.00000
   -18.86229     0.00000     0.00000
   -18.85229     0.00000     0.00000
   -18.84229     0.00000     0.00000
   -18.83329     0.00000     0.00000
   -18.82329     0.00000     0.00000
   -18.81429     0.00000     0.00000
   -18.80429     0.00000     0.00000
   -18.79429     0.00000     0.00000
   -18.78529     0.00000     0.00000
   -18.77529     0.00000     0.00000
   -18.76629     0.00000     0.00000
   -18.75629     0.00000     0.00000
   -18.74629     0.00000     0.00000
   -18.73729     0.00000     0.00000
   -18.72729     0.00000     0.00000
   -18.71829     0.00000     0.00000
   -18.70829     0.00000     0.00000
   -18.69829     0.00000     0.00000
   -18.68929     0.00000     0.00000
   -18.67929     0.00000     0.00000
   -18.67029     0.00000     0.00000
   -18.66029     0.00000     0.00000
   -18.65029     0.00000     0.00000
   -18.64129     0.00000     0.00000
   -18.63129     0.00000     0.00000
   -18.62229     0.00000     0.00000
   -18.61229     0.00000     0.00000
   -18.60229     0.00000     0.00000
   -18.59329     0.00000     0.00000
   -18.58329     0.00000     0.00000
   -18.57429     0.00000     0.00000
   -18.56429     0.00000     0.00000
   -18.55429     0.00000     0.00000
   -18.54529     0.00000     0.00000
   -18.53529     0.00000     0.00000
   -18.52629     0.00000     0.00000
   -18.51629     0.00000     0.00000
   -18.50629     0.00000     0.00000
   -18.49729     0.00000     0.00000
   -18.48729     0.00000     0.00000
   -18.47829     0.00000     0.00000
   -18.46829     0.00000     0.00000
   -18.45829     0.00000     0.00000
   -18.44929     0.00000     0.00000
   -18.43929     0.00000     0.00000
   -18.42929     0.00000     0.00000
   -18.42029     0.00000     0.00000
   -18.41029     0.00000     0.00000
   -18.40129     0.00000     0.00000
   -18.39129     0.00000     0.00000
   -18.38129     0.00000     0.00000
   -18.37229     0.00000     0.00000
   -18.36229     0.00000     0.00000
   -18.35329     0.00000     0.00000
   -18.34329     0.00000     0.00000
   -18.33329     0.00000     0.00000
   -18.32429     0.00000     0.00000
   -18.31429     0.00000     0.00000
   -18.30529     0.00000     0.00000
   -18.29529     0.00000     0.00000
   -18.28529     0.00000     0.00000
   -18.27629     0.00000     0.00000
   -18.26629     0.00000     0.00000
   -18.25729     0.00000     0.00000
   -18.24729     0.00000     0.00000
   -18.23729     0.00000     0.00000
   -18.22829     0.00000     0.00000
   -18.21829     0.00000     0.00000
   -18.20929     0.00000     0.00000
   -18.19929     0.00000     0.00000
   -18.18929     0.00000     0.00000
   -18.18029     0.00000     0.00000
   -18.17029     0.00000     0.00000
   -18.16129     0.00000     0.00000
   -18.15129     0.00000     0.00000
   -18.14129     0.00000     0.00000
   -18.13229     0.00000     0.00000
   -18.12229     0.00000     0.00000
   -18.11329     0.00000     0.00000
   -18.10329     0.00000     0.00000
   -18.09329     0.00000     0.00000
   -18.08429     0.00000     0.00000
   -18.07429     0.00000     0.00000
   -18.06529     0.00000     0.00000
   -18.05529     0.00000     0.00000
   -18.04529     0.00000     0.00000
   -18.03629     0.00000     0.00000
   -18.02629     0.00000     0.00000
   -18.01729     0.00000     0.00000
   -18.00729     0.00000     0.00000
   -17.99729     0.00000     0.00000
   -17.98829     0.00000     0.00000
   -17.97829     0.00000     0.00000
   -17.96929     0.00000     0.00000
   -17.95929     0.00000     0.00000
   -17.94929     0.00000     0.00000
   -17.94029     0.00000     0.00000
   -17.93029     0.00000     0.00000
   -17.92029     0.00000     0.00000
   -17.91129     0.00000     0.00000
   -17.90129     0.00000     0.00000
   -17.89229     0.00000     0.00000
   -17.88229     0.00000     0.00000
   -17.87229     0.00000     0.00000
   -17.86329     0.00000     0.00000
   -17.85329     0.00000     0.00000
   -17.84429     0.00000     0.00000
   -17.83429     0.00000     0.00000
   -17.82429     0.00000     0.00000
   -17.81529     0.00000     0.00000
   -17.80529     0.00000     0.00000
   -17.79629     0.00000     0.00000
   -17.78629     0.00000     0.00000
   -17.77629     0.00000     0.00000
   -17.76729     0.00000     0.00000
   -17.75729     0.00000     0.00000
   -17.74829     0.00000     0.00000
   -17.73829     0.00000     0.00000
   -17.72829     0.00000     0.00000
   -17.71929     0.00000     0.00000
   -17.70929     0.00000     0.00000
   -17.70029     0.00000     0.00000
   -17.69029     0.00000     0.00000
   -17.68029     0.00000     0.00000
   -17.67129     0.00000     0.00000
   -17.66129     0.00000     0.00000
   -17.65229     0.00000     0.00000
   -17.64229     0.00000     0.00000
   -17.63229     0.00000     0.00000
   -17.62329     0.00000     0.00000
   -17.61329     0.00000     0.00000
   -17.60429     0.00000     0.00000
   -17.59429     0.00000     0.00000
   -17.58429     0.00000     0.00000
   -17.57529     0.00000     0.00000
   -17.56529     0.00000     0.00000
   -17.55629     0.00000     0.00000
   -17.54629     0.00000     0.00000
   -17.53629     0.00000     0.00000
   -17.52729     0.00000     0.00000
   -17.51729     0.00000     0.00000
   -17.50829     0.00000     0.00000
   -17.49829     0.00000     0.00000
   -17.48829     0.00000     0.00000
   -17.47929     0.00000     0.00000
   -17.46929     0.00000     0.00000
   -17.46029     0.00000     0.00000
   -17.45029     0.00000     0.00000
   -17.44029     0.00000     0.00000
   -17.43129     0.00000     0.00000
   -17.42129     0.00000     0.00000
   -17.41129     0.00000     0.00000
   -17.40229     0.00000     0.00000
   -17.39229     0.00000     0.00000
   -17.38329     0.00000     0.00000
   -17.37329     0.00000     0.00000
   -17.36329     0.00000     0.00000
   -17.35429     0.00000     0.00000
   -17.34429     0.00000     0.00000
   -17.33529     0.00000     0.00000
   -17.32529     0.00000     0.00000
   -17.31529     0.00000     0.00000
   -17.30629     0.00000     0.00000
   -17.29629     0.00000     0.00000
   -17.28729     0.00000     0.00000
   -17.27729     0.00000     0.00000
   -17.26729     0.00000     0.00000
   -17.25829     0.00000     0.00000
   -17.24829     0.00000     0.00000
   -17.23929     0.00000     0.00000
   -17.22929     0.00000     0.00000
   -17.21929     0.00000     0.00000
   -17.21029     0.00000     0.00000
   -17.20029     0.00000     0.00000
   -17.19129     0.00000     0.00000
   -17.18129     0.00000     0.00000
   -17.17129     0.00000     0.00000
   -17.16229     0.00000     0.00000
   -17.15229     0.00000     0.00000
   -17.14329     0.00000     0.00000
   -17.13329     0.00000     0.00000
   -17.12329     0.00000     0.00000
   -17.11429     0.00000     0.00000
   -17.10429     0.00000     0.00000
   -17.09529     0.00000     0.00000
   -17.08529     0.00000     0.00000
   -17.07529     0.00000     0.00000
   -17.06629     0.00000     0.00000
   -17.05629     0.00000     0.00000
   -17.04729     0.00000     0.00000
   -17.03729     0.00000     0.00000
   -17.02729     0.00000     0.00000
   -17.01829     0.00000     0.00000
   -17.00829     0.00000     0.00000
   -16.99929     0.00000     0.00000
   -16.98929     0.00000     0.00000
   -16.97929     0.00000     0.00000
   -16.97029     0.00000     0.00000
   -16.96029     0.00000     0.00000
   -16.95029     0.00000     0.00000
   -16.94129     0.00000     0.00000
   -16.93129     0.00000     0.00000
   -16.92229     0.00000     0.00000
   -16.91229     0.00000     0.00000
   -16.90229     0.00000     0.00000
   -16.89329     0.00000     0.00000
   -16.88329     0.00000     0.00000
   -16.87429     0.00000     0.00000
   -16.86429     0.00000     0.00000
   -16.85429     0.00000     0.00000
   -16.84529     0.00000     0.00000
   -16.83529     0.00000     0.00000
   -16.82629     0.00000     0.00000
   -16.81629     0.00000     0.00000
   -16.80629     0.00000     0.00000
   -16.79729     0.00000     0.00000
   -16.78729     0.00000     0.00000
   -16.77829     0.00000     0.00000
   -16.76829     0.00000     0.00000
   -16.75829     0.00000     0.00000
   -16.74929     0.00000     0.00000
   -16.73929     0.00000     0.00000
   -16.73029     0.00000     0.00000
   -16.72029     0.00000     0.00000
   -16.71029     0.00000     0.00000
   -16.70129     0.00000     0.00000
   -16.69129     0.00000     0.00000
   -16.68229     0.00000     0.00000
   -16.67229     0.00000     0.00000
   -16.66229     0.00000     0.00000
   -16.65329     0.00000     0.00000
   -16.64329     0.00000     0.00000
   -16.63429     0.00000     0.00000
   -16.62429     0.00000     0.00000
   -16.61429     0.00000     0.00000
   -16.60529     0.00000     0.00000
   -16.59529     0.00000     0.00000
   -16.58629     0.00000     0.00000
   -16.57629     0.00000     0.00000
   -16.56629     0.00000     0.00000
   -16.55729     0.00000     0.00000
   -16.54729     0.00000     0.00000
   -16.53829     0.00000     0.00000
   -16.52829     0.00000     0.00000
   -16.51829     0.00000     0.00000
   -16.50929     0.00000     0.00000
   -16.49929     0.00000     0.00000
   -16.49029     0.00000     0.00000
   -16.48029     0.00000     0.00000
   -16.47029     0.00000     0.00000
   -16.46129     0.00000     0.00000
   -16.45129     0.00000     0.00000
   -16.44129     0.00000     0.00000
   -16.43229     0.00000     0.00000
   -16.42229     0.00000     0.00000
   -16.41329     0.00000     0.00000
   -16.40329     0.00000     0.00000
   -16.39329     0.00000     0.00000
   -16.38429     0.00000     0.00000
   -16.37429     0.00000     0.00000
   -16.36529     0.00000     0.00000
   -16.35529     0.00000     0.00000
   -16.34529     0.00000     0.00000
   -16.33629     0.00000     0.00000
   -16.32629     0.00000     0.00000
   -16.31729     0.00000     0.00000
   -16.30729     0.00000     0.00000
   -16.29729     0.00000     0.00000
   -16.28829     0.00000     0.00000
   -16.27829     0.00000     0.00000
   -16.26929     0.00000     0.00000
   -16.25929     0.00000     0.00000
   -16.24929     0.00000     0.00000
   -16.24029     0.00000     0.00000
   -16.23029     0.00000     0.00000
   -16.22129     0.00000     0.00000
   -16.21129     0.00000     0.00000
   -16.20129     0.00000     0.00000
   -16.19229     0.00000     0.00000
   -16.18229     0.00000     0.00000
   -16.17329     0.00000     0.00000
   -16.16329     0.00000     0.00000
   -16.15329     0.00000     0.00000
   -16.14429     0.00000     0.00000
   -16.13429     0.00000     0.00000
   -16.12529     0.00000     0.00000
   -16.11529     0.00000     0.00000
   -16.10529     0.00000     0.00000
   -16.09629     0.00000     0.00000
   -16.08629     0.00000     0.00000
   -16.07729     0.00000     0.00000
   -16.06729     0.00000     0.00000
   -16.05729     0.00000     0.00000
   -16.04829     0.00000     0.00000
   -16.03829     0.00000     0.00000
   -16.02929     0.00000     0.00000
   -16.01929     0.00000     0.00000
   -16.00929     0.00000     0.00000
   -16.00029     0.00000     0.00000
   -15.99029     0.00000     0.00000
   -15.98129     0.00000     0.00000
   -15.97129     0.00000     0.00000
   -15.96129     0.00000     0.00000
   -15.95229     0.00000     0.00000
   -15.94229     0.00000     0.00000
   -15.93229     0.00000     0.00000
   -15.92329     0.00000     0.00000
   -15.91329     0.00000     0.00000
   -15.90429     0.00000     0.00000
   -15.89429     0.00000     0.00000
   -15.88429     0.00000     0.00000
   -15.87529     0.00000     0.00000
   -15.86529     0.00000     0.00000
   -15.85629     0.00000     0.00000
   -15.84629     0.00000     0.00000
   -15.83629     0.00000     0.00000
   -15.82729     0.00000     0.00000
   -15.81729     0.00000     0.00000
   -15.80829     0.00000     0.00000
   -15.79829     0.00000     0.00000
   -15.78829     0.00000     0.00000
   -15.77929     0.00000     0.00000
   -15.76929     0.00000     0.00000
   -15.76029     0.00000     0.00000
   -15.75029     0.00000     0.00000
   -15.74029     0.00000     0.00000
   -15.73129     0.00000     0.00000
   -15.72129     0.00000     0.00000
   -15.71229     0.00000     0.00000
   -15.70229     0.00000     0.00000
   -15.69229     0.00000     0.00000
   -15.68329     0.00000     0.00000
   -15.67329     0.00000     0.00000
   -15.66429     0.00000     0.00000
   -15.65429     0.00000     0.00000
   -15.64429     0.00000     0.00000
   -15.63529     0.00000     0.00000
   -15.62529     0.00000     0.00000
   -15.61629     0.00000     0.00000
   -15.60629     0.00000     0.00000
   -15.59629     0.00000     0.00000
   -15.58729     0.00000     0.00000
   -15.57729     0.00000     0.00000
   -15.56829     0.00000     0.00000
   -15.55829     0.00000     0.00000
   -15.54829     0.00000     0.00000
   -15.53929     0.00000     0.00000
   -15.52929     0.00000     0.00000
   -15.52029     0.00000     0.00000
   -15.51029     0.00000     0.00000
   -15.50029     0.00000     0.00000
   -15.49129     0.00000     0.00000
   -15.48129     0.00000     0.00000
   -15.47229     0.00000     0.00000
   -15.46229     0.00000     0.00000
   -15.45229     0.00000     0.00000
   -15.44329     0.00000     0.00000
   -15.43329     0.00000     0.00000
   -15.42329     0.00000     0.00000
   -15.41429     0.00000     0.00000
   -15.40429     0.00000     0.00000
   -15.39529     0.00000     0.00000
   -15.38529     0.00000     0.00000
   -15.37529     0.00000     0.00000
   -15.36629     0.00000     0.00000
   -15.35629     0.00000     0.00000
   -15.34729     0.00000     0.00000
   -15.33729     0.00000     0.00000
   -15.32729     0.00000     0.00000
   -15.31829     0.00000     0.00000
   -15.30829     0.00000     0.00000
   -15.29929     0.00000     0.00000
   -15.28929     0.00000     0.00000
   -15.27929     0.00000     0.00000
   -15.27029     0.00000     0.00000
   -15.26029     0.00000     0.00000
   -15.25129     0.00000     0.00000
   -15.24129     0.00000     0.00000
   -15.23129     0.00000     0.00000
   -15.22229     0.00000     0.00000
   -15.21229     0.00000     0.00000
   -15.20329     0.00000     0.00000
   -15.19329     0.00000     0.00000
   -15.18329     0.00000     0.00000
   -15.17429     0.00000     0.00000
   -15.16429     0.00000     0.00000
   -15.15529     0.00000     0.00000
   -15.14529     0.00000     0.00000
   -15.13529     0.00000     0.00000
   -15.12629     0.00000     0.00000
   -15.11629     0.00000     0.00000
   -15.10729     0.00000     0.00000
   -15.09729     0.00000     0.00000
   -15.08729     0.00000     0.00000
   -15.07829     0.00000     0.00000
   -15.06829     0.00000     0.00000
   -15.05929     0.00000     0.00000
   -15.04929     0.00000     0.00000
   -15.03929     0.00000     0.00000
   -15.03029     0.00000     0.00000
   -15.02029     0.00000     0.00000
   -15.01129     0.00000     0.00000
   -15.00129     0.00000     0.00000
   -14.99129     0.00000     0.00000
   -14.98229     0.00000     0.00000
   -14.97229     0.00000     0.00000
   -14.96329     0.00000     0.00000
   -14.95329     0.00000     0.00000
   -14.94329     0.00000     0.00000
   -14.93429     0.00000     0.00000
   -14.92429     0.00000     0.00000
   -14.91429     0.00000     0.00000
   -14.90529     0.00000     0.00000
   -14.89529     0.00000     0.00000
   -14.88629     0.00000     0.00000
   -14.87629     0.00000     0.00000
   -14.86629     0.00000     0.00000
   -14.85729     0.00000     0.00000
   -14.84729     0.00000     0.00000
   -14.83829     0.00000     0.00000
   -14.82829     0.00000     0.00000
   -14.81829     0.00000     0.00000
   -14.80929     0.00000     0.00000
   -14.79929     0.00000     0.00000
   -14.79029     0.00000     0.00000
   -14.78029     0.00000     0.00000
   -14.77029     0.00000     0.00000
   -14.76129     0.00000     0.00000
   -14.75129     0.00000     0.00000
   -14.74229     0.00000     0.00000
   -14.73229     0.00000     0.00000
   -14.72229     0.00000     0.00000
   -14.71329     0.00000     0.00000
   -14.70329     0.00000     0.00000
   -14.69429     0.00000     0.00000
   -14.68429     0.00000     0.00000
   -14.67429     0.00000     0.00000
   -14.66529     0.00000     0.00000
   -14.65529     0.00000     0.00000
   -14.64629     0.00000     0.00000
   -14.63629     0.00000     0.00000
   -14.62629     0.00000     0.00000
   -14.61729     0.00000     0.00000
   -14.60729     0.00000     0.00000
   -14.59829     0.00000     0.00000
   -14.58829     0.00000     0.00000
   -14.57829     0.00000     0.00000
   -14.56929     0.00000     0.00000
   -14.55929     0.00000     0.00000
   -14.55029     0.00000     0.00000
   -14.54029     0.00000     0.00000
   -14.53029     0.00000     0.00000
   -14.52129     0.00000     0.00000
   -14.51129     0.00000     0.00000
   -14.50229     0.00000     0.00000
   -14.49229     0.00000     0.00000
   -14.48229     0.00000     0.00000
   -14.47329     0.00000     0.00000
   -14.46329     0.00000     0.00000
   -14.45329     0.00000     0.00000
   -14.44429     0.00000     0.00000
   -14.43429     0.00000     0.00000
   -14.42529     0.00000     0.00000
   -14.41529     0.00000     0.00000
   -14.40529     0.00000     0.00000
   -14.39629     0.00000     0.00000
   -14.38629     0.00000     0.00000
   -14.37729     0.00000     0.00000
   -14.36729     0.00000     0.00000
   -14.35729     0.00000     0.00000
   -14.34829     0.00000     0.00000
   -14.33829     0.00000     0.00000
   -14.32929     0.00000     0.00000
   -14.31929     0.00000     0.00000
   -14.30929     0.00000     0.00000
   -14.30029     0.00000     0.00000
   -14.29029     0.00000     0.00000
   -14.28129     0.00000     0.00000
   -14.27129     0.00000     0.00000
   -14.26129     0.00000     0.00000
   -14.25229     0.00000     0.00000
   -14.24229     0.00000     0.00000
   -14.23329     0.00000     0.00000
   -14.22329     0.00000     0.00000
   -14.21329     0.00000     0.00000
   -14.20429     0.00000     0.00000
   -14.19429     0.00000     0.00000
   -14.18529     0.00000     0.00000
   -14.17529     0.00000     0.00000
   -14.16529     0.00000     0.00000
   -14.15629     0.00000     0.00000
   -14.14629     0.00000     0.00000
   -14.13729     0.00000     0.00000
   -14.12729     0.00000     0.00000
   -14.11729     0.00000     0.00000
   -14.10829     0.00000     0.00000
   -14.09829     0.00000     0.00000
   -14.08929     0.00000     0.00000
   -14.07929     0.00000     0.00000
   -14.06929     0.00000     0.00000
   -14.06029     0.00000     0.00000
   -14.05029     0.00000     0.00000
   -14.04129     0.00000     0.00000
   -14.03129     0.00000     0.00000
   -14.02129     0.00000     0.00000
   -14.01229     0.00000     0.00000
   -14.00229     0.00000     0.00000
   -13.99329     0.00000     0.00000
   -13.98329     0.00000     0.00000
   -13.97329     0.00000     0.00000
   -13.96429     0.00000     0.00000
   -13.95429     0.00000     0.00000
   -13.94429     0.00000     0.00000
   -13.93529     0.00000     0.00000
   -13.92529     0.00000     0.00000
   -13.91629     0.00000     0.00000
   -13.90629     0.00000     0.00000
   -13.89629     0.00000     0.00000
   -13.88729     0.00000     0.00000
   -13.87729     0.00000     0.00000
   -13.86829     0.00000     0.00000
   -13.85829     0.00000     0.00000
   -13.84829     0.00000     0.00000
   -13.83929     0.00000     0.00000
   -13.82929     0.00000     0.00000
   -13.82029     0.00000     0.00000
   -13.81029     0.00000     0.00000
   -13.80029     0.00000     0.00000
   -13.79129     0.00000     0.00000
   -13.78129     0.00000     0.00000
   -13.77229     0.00000     0.00000
   -13.76229     0.00000     0.00000
   -13.75229     0.00000     0.00000
   -13.74329     0.00000     0.00000
   -13.73329     0.00000     0.00000
   -13.72429     0.00000     0.00000
   -13.71429     0.00000     0.00000
   -13.70429     0.00000     0.00000
   -13.69529     0.00000     0.00000
   -13.68529     0.00000     0.00000
   -13.67629     0.00000     0.00000
   -13.66629     0.00000     0.00000
   -13.65629     0.00000     0.00000
   -13.64729     0.00000     0.00000
   -13.63729     0.00000     0.00000
   -13.62829     0.00000     0.00000
   -13.61829     0.00000     0.00000
   -13.60829     0.00000     0.00000
   -13.59929     0.00000     0.00000
   -13.58929     0.00000     0.00000
   -13.58029     0.00000     0.00000
   -13.57029     0.00000     0.00000
   -13.56029     0.00000     0.00000
   -13.55129     0.00000     0.00000
   -13.54129     0.00000     0.00000
   -13.53229     0.00000     0.00000
   -13.52229     0.00000     0.00000
   -13.51229     0.00000     0.00000
   -13.50329     0.00000     0.00000
   -13.49329     0.00000     0.00000
   -13.48429     0.00000     0.00000
   -13.47429     0.00000     0.00000
   -13.46429     0.00000     0.00000
   -13.45529     0.00000     0.00000
   -13.44529    -0.00013    -0.00034
   -13.43529    -0.00086    -0.00228
   -13.42629    -0.00223    -0.00594
   -13.41629    -0.00426    -0.01133
   -13.40729    -0.00693    -0.01844
   -13.39729    -0.01025    -0.02727
   -13.38729    -0.01422    -0.03784
   -13.37829    -0.01883    -0.05011
   -13.36829    -0.02410    -0.06411
   -13.35929    -0.03001    -0.07984
   -13.34929    -0.03656    -0.09729
   -13.33929    -0.04377    -0.11647
   -13.33029    -0.05162    -0.13736
   -13.32029    -0.06012    -0.15998
   -13.31129    -0.06927    -0.18432
   -13.30129    -0.07893    -0.21010
   -13.29129    -0.08849    -0.23567
   -13.28229    -0.10096    -0.26906
   -13.27229    -0.11499    -0.30664
   -13.26329    -0.12815    -0.34191
   -13.25329    -0.14043    -0.37484
   -13.24329    -0.15183    -0.40549
   -13.23429    -0.16236    -0.43380
   -13.22429    -0.17201    -0.45981
   -13.21529    -0.18076    -0.48349
   -13.20529    -0.18869    -0.50484
   -13.19529    -0.19568    -0.52389
   -13.18629    -0.20182    -0.54060
   -13.17629    -0.20712    -0.55504
   -13.16729    -0.21150    -0.56713
   -13.15729    -0.21507    -0.57712
   -13.14729    -0.21803    -0.58538
   -13.13829    -0.21594    -0.58071
   -13.12829    -0.21124    -0.56857
   -13.11929    -0.20684    -0.55730
   -13.10929    -0.20279    -0.54681
   -13.09929    -0.19901    -0.53713
   -13.09029    -0.19553    -0.52823
   -13.08029    -0.19236    -0.52015
   -13.07129    -0.18949    -0.51290
   -13.06129    -0.18695    -0.50644
   -13.05129    -0.18468    -0.50077
   -13.04229    -0.18271    -0.49593
   -13.03229    -0.18106    -0.49193
   -13.02329    -0.17970    -0.48872
   -13.01329    -0.17863    -0.48629
   -13.00329    -0.17790    -0.48466
   -12.99429    -0.17974    -0.49005
   -12.98429    -0.18170    -0.49568
   -12.97529    -0.18364    -0.50129
   -12.96529    -0.18557    -0.50692
   -12.95529    -0.18752    -0.51258
   -12.94629    -0.18945    -0.51819
   -12.93629    -0.19142    -0.52380
   -12.92629    -0.19335    -0.52951
   -12.91729    -0.19530    -0.53512
   -12.90729    -0.19723    -0.54080
   -12.89829    -0.19919    -0.54645
   -12.88829    -0.20114    -0.55209
   -12.87829    -0.20310    -0.55777
   -12.86929    -0.20518    -0.56388
   -12.85929    -0.20751    -0.57063
   -12.85029    -0.21007    -0.57800
   -12.84029    -0.21286    -0.58598
   -12.83029    -0.21585    -0.59461
   -12.82129    -0.21909    -0.60391
   -12.81129    -0.22254    -0.61379
   -12.80229    -0.22622    -0.62432
   -12.79229    -0.23496    -0.64865
   -12.78229    -0.24532    -0.67714
   -12.77329    -0.25603    -0.70689
   -12.76329    -0.26719    -0.73786
   -12.75429    -0.27881    -0.76994
   -12.74429    -0.29081    -0.80330
   -12.73429    -0.30585    -0.84521
   -12.72529    -0.32159    -0.88920
   -12.71529    -0.35387    -0.97891
   -12.70629    -0.39243    -1.08590
   -12.69629    -0.43044    -1.19119
   -12.68629    -0.46784    -1.29487
   -12.67729    -0.50464    -1.39686
   -12.66729    -0.54085    -1.49718
   -12.65829    -0.56377    -1.56183
   -12.64829    -0.55937    -1.55109
   -12.63829    -0.55449    -1.53891
   -12.62929    -0.54908    -1.52535
   -12.61929    -0.54320    -1.51039
   -12.61029    -0.53679    -1.49400
   -12.60029    -0.52989    -1.47617
   -12.59029    -0.52254    -1.45698
   -12.58129    -0.58540    -1.63649
   -12.57129    -0.53255    -1.49048
   -12.56229    -0.48094    -1.34791
   -12.55229    -0.43054    -1.20877
   -12.54229    -0.38134    -1.07314
   -12.53329    -0.33336    -0.94092
   -12.52329    -0.29790    -0.84319
   -12.51429    -0.29199    -0.82683
   -12.50429    -0.28589    -0.81005
   -12.49429    -0.27971    -0.79282
   -12.48529    -0.27339    -0.77523
   -12.47529    -0.26694    -0.75722
   -12.46629    -0.26036    -0.73881
   -12.45629    -0.25362    -0.72001
   -12.44629    -0.24678    -0.70081
   -12.43729    -0.23980    -0.68123
   -12.42729    -0.23267    -0.66123
   -12.41729    -0.22545    -0.64082
   -12.40829    -0.21808    -0.62002
   -12.39829    -0.21055    -0.59882
   -12.38929    -0.20290    -0.57720
   -12.37929    -0.19513    -0.55524
   -12.36929    -0.18723    -0.53286
   -12.36029    -0.17919    -0.51002
   -12.35029    -0.17103    -0.48687
   -12.34129    -0.16290    -0.46374
   -12.33129    -0.15543    -0.44261
   -12.32129    -0.14870    -0.42367
   -12.31229    -0.14270    -0.40685
   -12.30229    -0.13743    -0.39224
   -12.29329    -0.13290    -0.37978
   -12.28329    -0.12910    -0.36946
   -12.27329    -0.12604    -0.36138
   -12.26429    -0.12371    -0.35539
   -12.25429    -0.12397    -0.35699
   -12.24529    -0.13855    -0.40004
   -12.23529    -0.15586    -0.45114
   -12.22529    -0.18466    -0.53636
   -12.21629    -0.23401    -0.68262
   -12.20629    -0.28515    -0.83407
   -12.19729    -0.33804    -0.99076
   -12.18729    -0.39065    -1.14671
   -12.17729    -0.44413    -1.30541
   -12.16829    -0.49964    -1.46990
   -12.15829    -0.55716    -1.64038
   -12.14929    -0.56339    -1.66023
   -12.13929    -0.54045    -1.59472
   -12.12929    -0.54648    -1.61404
   -12.12029    -0.55182    -1.63144
   -12.11029    -0.55653    -1.64687
   -12.10129    -0.56062    -1.66036
   -12.09129    -0.56405    -1.67187
   -12.08129    -0.56684    -1.68140
   -12.07229    -0.56895    -1.68904
   -12.06229    -0.57243    -1.70056
   -12.05329    -0.57872    -1.72063
   -12.04329    -0.65299    -1.94220
   -12.03329    -0.65244    -1.94191
   -12.02429    -0.65139    -1.93967
   -12.01429    -0.64977    -1.93549
   -12.00529    -0.64765    -1.92926
   -11.99529    -0.64478    -1.92061
   -11.98529    -0.63576    -1.89355
   -11.97629    -0.61602    -1.83484
   -11.96629    -0.58551    -1.74441
   -11.95729    -0.54453    -1.62322
   -11.94729    -0.52168    -1.55601
   -11.93729    -0.50043    -1.49364
   -11.92829    -0.48029    -1.43453
   -11.91829    -0.46126    -1.37871
   -11.90829    -0.44334    -1.32619
   -11.89929    -0.42650    -1.27684
   -11.88929    -0.41077    -1.23084
   -11.88029    -0.39621    -1.18830
   -11.87029    -0.38881    -1.16638
   -11.86029    -0.38807    -1.16375
   -11.85129    -0.38847    -1.16424
   -11.84129    -0.38732    -1.16037
   -11.83229    -0.38465    -1.15205
   -11.82229    -0.38043    -1.13934
   -11.81229    -0.37469    -1.12227
   -11.80329    -0.36743    -1.10077
   -11.79329    -0.35732    -1.07081
   -11.78429    -0.33052    -0.98971
   -11.77429    -0.31290    -0.93721
   -11.76429    -0.29585    -0.88639
   -11.75529    -0.27932    -0.83719
   -11.74529    -0.26338    -0.78968
   -11.73629    -0.24797    -0.74381
   -11.72629    -0.23317    -0.69966
   -11.71629    -0.21921    -0.65800
   -11.70729    -0.20624    -0.61924
   -11.69729    -0.19424    -0.58327
   -11.68829    -0.18322    -0.55023
   -11.67829    -0.17316    -0.51998
   -11.66829    -0.16410    -0.49258
   -11.65929    -0.15600    -0.46804
   -11.64929    -0.14888    -0.44632
   -11.64029    -0.14182    -0.42479
   -11.63029    -0.13312    -0.39826
   -11.62029    -0.12990    -0.38794
   -11.61129    -0.12805    -0.38161
   -11.60129    -0.12757    -0.37935
   -11.59229    -0.12845    -0.38114
   -11.58229    -0.13198    -0.39048
   -11.57229    -0.14658    -0.43051
   -11.56329    -0.16219    -0.47355
   -11.55329    -0.17879    -0.51957
   -11.54429    -0.19636    -0.56829
   -11.53429    -0.21456    -0.61897
   -11.52429    -0.23340    -0.67158
   -11.51529    -0.25290    -0.72606
   -11.50529    -0.27303    -0.78238
   -11.49629    -0.29383    -0.84064
   -11.48629    -0.31526    -0.90081
   -11.47629    -0.33733    -0.96285
   -11.46729    -0.36007    -1.02677
   -11.45729    -0.38378    -1.09357
   -11.44729    -0.41142    -1.17163
   -11.43829    -0.44858    -1.27701
   -11.42829    -0.50078    -1.42554
   -11.41929    -0.59687    -1.70127
   -11.40929    -0.62627    -1.78692
   -11.39929    -0.64677    -1.84771
   -11.39029    -0.65834    -1.88366
   -11.38029    -0.66095    -1.89473
   -11.37129    -0.65465    -1.88091
   -11.36129    -0.63941    -1.84219
   -11.35129    -0.61524    -1.77857
   -11.34229    -0.58437    -1.69735
   -11.33229    -0.56910    -1.66074
   -11.32329    -0.57497    -1.68285
   -11.31329    -0.58317    -1.71072
   -11.30329    -0.59053    -1.73569
   -11.29429    -0.59704    -1.75779
   -11.28429    -0.60272    -1.77716
   -11.27529    -0.60709    -1.79241
   -11.26529    -0.61000    -1.80294
   -11.25529    -0.61228    -1.81167
   -11.24629    -0.61418    -1.81913
   -11.23629    -0.61592    -1.82625
   -11.22729    -0.61735    -1.83252
   -11.21729    -0.61845    -1.83787
   -11.20729    -0.61926    -1.84227
   -11.19829    -0.61949    -1.84483
   -11.18829    -0.61872    -1.84433
   -11.17929    -0.61602    -1.83793
   -11.16929    -0.61161    -1.82639
   -11.15929    -0.60660    -1.81271
   -11.15029    -0.60109    -1.79719
   -11.14029    -0.59508    -1.77981
   -11.13129    -0.58799    -1.75900
   -11.12129    -0.58016    -1.73576
   -11.11129    -0.57228    -1.71230
   -11.10229    -0.56437    -1.68861
   -11.09229    -0.56242    -1.68107
   -11.08329    -0.57394    -1.71047
   -11.07329    -0.58515    -1.73951
   -11.06329    -0.59611    -1.76812
   -11.05429    -0.54809    -1.60559
   -11.04429    -0.56036    -1.63893
   -11.03529    -0.57249    -1.67212
   -11.02529    -0.58432    -1.70521
   -11.01529    -0.59602    -1.73821
   -11.00629    -0.60748    -1.77103
   -10.99629    -0.69664    -2.03746
   -10.98729    -0.70605    -2.06841
   -10.97729    -0.68194    -1.99866
   -10.96729    -0.65781    -1.92822
   -10.95829    -0.63358    -1.85704
   -10.94829    -0.62273    -1.82532
   -10.93829    -0.63203    -1.85284
   -10.92929    -0.64590    -1.89269
   -10.91929    -0.66258    -1.93975
   -10.91029    -0.66718    -1.95082
   -10.90029    -0.65098    -1.90066
   -10.89029    -0.65788    -1.92027
   -10.88129    -0.66576    -1.94270
   -10.87129    -0.67460    -1.96800
   -10.86229    -0.68437    -1.99598
   -10.85229    -0.69333    -2.02154
   -10.84229    -0.69828    -2.03519
   -10.83329    -0.69899    -2.03608
   -10.82329    -0.69540    -2.02416
   -10.81429    -0.68886    -2.00329
   -10.80429    -0.67920    -1.97329
   -10.79429    -0.66650    -1.93443
   -10.78529    -0.61904    -1.79766
   -10.77529    -0.50133    -1.46364
   -10.76629    -0.46666    -1.36504
   -10.75629    -0.43947    -1.28918
   -10.74629    -0.41589    -1.22365
   -10.73729    -0.39539    -1.16702
   -10.72729    -0.37806    -1.11926
   -10.71829    -0.36548    -1.08561
   -10.70829    -0.35643    -1.06224
   -10.69829    -0.35033    -1.04712
   -10.68929    -0.34808    -1.04323
   -10.67929    -0.36826    -1.10596
   -10.67029    -0.39488    -1.18831
   -10.66029    -0.42680    -1.28657
   -10.65029    -0.46332    -1.39864
   -10.64129    -0.49016    -1.48021
   -10.63129    -0.49940    -1.50651
   -10.62229    -0.50941    -1.53512
   -10.61229    -0.52097    -1.56842
   -10.60229    -0.53411    -1.60646
   -10.59329    -0.54249    -1.63013
   -10.58329    -0.54065    -1.62305
   -10.57429    -0.53305    -1.59849
   -10.56429    -0.52007    -1.55769
   -10.55429    -0.50178    -1.50084
   -10.54529    -0.48177    -1.43847
   -10.53529    -0.46474    -1.38556
   -10.52629    -0.45145    -1.34464
   -10.51629    -0.44760    -1.33196
   -10.50629    -0.45748    -1.35955
   -10.49729    -0.46941    -1.39316
   -10.48729    -0.48342    -1.43295
   -10.47829    -0.49950    -1.47880
   -10.46829    -0.51762    -1.53081
   -10.45829    -0.52871    -1.56046
   -10.44929    -0.52884    -1.55392
   -10.43929    -0.54857    -1.60711
   -10.42929    -0.56836    -1.66130
   -10.42029    -0.58808    -1.71634
   -10.41029    -0.60630    -1.76681
   -10.40129    -0.62443    -1.81694
   -10.39129    -0.64001    -1.86003
   -10.38129    -0.65997    -1.91598
   -10.37229    -0.68488    -1.98664
   -10.36229    -0.71076    -2.06105
   -10.35329    -0.73755    -2.13956
   -10.34329    -0.76100    -2.20921
   -10.33329    -0.77967    -2.26526
   -10.32429    -0.79336    -2.30701
   -10.31429    -0.80140    -2.33284
   -10.30529    -0.80391    -2.34271
   -10.29529    -0.80063    -2.33615
   -10.28529    -0.79144    -2.31259
   -10.27629    -0.77517    -2.26817
   -10.26629    -0.72850    -2.13112
   -10.25729    -0.67797    -1.98139
   -10.24729    -0.63531    -1.85500
   -10.23729    -0.60031    -1.75153
   -10.22829    -0.57300    -1.67091
   -10.21829    -0.56461    -1.64559
   -10.20929    -0.56971    -1.65940
   -10.19929    -0.56160    -1.63615
   -10.18929    -0.55063    -1.60530
   -10.18029    -0.54204    -1.58121
   -10.17029    -0.53432    -1.55959
   -10.16129    -0.52751    -1.54056
   -10.15129    -0.52158    -1.52407
   -10.14129    -0.51658    -1.51016
   -10.13229    -0.51247    -1.49875
   -10.12229    -0.50928    -1.48989
   -10.11329    -0.50696    -1.48360
   -10.10329    -0.50557    -1.47988
   -10.09329    -0.50506    -1.47856
   -10.08429    -0.50523    -1.47929
   -10.07429    -0.50612    -1.48205
   -10.06529    -0.50469    -1.47701
   -10.05529    -0.50620    -1.48055
   -10.04529    -0.51101    -1.49358
   -10.03629    -0.51790    -1.51203
   -10.02629    -0.52693    -1.53625
   -10.01729    -0.54010    -1.57208
   -10.00729    -0.55624    -1.61684
    -9.99729    -0.57938    -1.68345
    -9.98829    -0.64018    -1.86576
    -9.97829    -0.67006    -1.95356
    -9.96929    -0.67257    -1.95960
    -9.95929    -0.65387    -1.90312
    -9.94929    -0.62973    -1.83201
    -9.94029    -0.60957    -1.77208
    -9.93029    -0.59471    -1.72778
    -9.92029    -0.58169    -1.68840
    -9.91129    -0.57054    -1.65398
    -9.90129    -0.56554    -1.63740
    -9.89229    -0.57009    -1.64879
    -9.88229    -0.57556    -1.66158
    -9.87229    -0.57583    -1.65798
    -9.86329    -0.57516    -1.65178
    -9.85329    -0.57399    -1.64432
    -9.84429    -0.57478    -1.64338
    -9.83429    -0.61553    -1.76326
    -9.82429    -0.63545    -1.82259
    -9.81529    -0.65536    -1.88352
    -9.80529    -0.67986    -1.95953
    -9.79629    -0.70550    -2.03875
    -9.78629    -0.72943    -2.11218
    -9.77629    -0.75284    -2.18170
    -9.76729    -0.77941    -2.25888
    -9.75729    -0.80466    -2.33141
    -9.74829    -0.82858    -2.39935
    -9.73829    -0.85121    -2.46264
    -9.72829    -0.87249    -2.52129
    -9.71929    -0.89249    -2.57532
    -9.70929    -0.91121    -2.62500
    -9.70029    -0.93031    -2.67575
    -9.69029    -1.00164    -2.87025
    -9.68029    -1.18563    -3.37871
    -9.67129    -1.24191    -3.54698
    -9.66129    -1.13490    -3.25553
    -9.65229    -1.10509    -3.17158
    -9.64229    -1.07962    -3.09985
    -9.63229    -1.20328    -3.42956
    -9.62329    -1.12820    -3.22295
    -9.61329    -1.05107    -3.01153
    -9.60429    -0.97596    -2.80614
    -9.59429    -0.92262    -2.66035
    -9.58429    -0.89523    -2.58181
    -9.57529    -0.86404    -2.49185
    -9.56529    -0.83393    -2.40497
    -9.55629    -0.80485    -2.32117
    -9.54629    -0.77765    -2.24298
    -9.53629    -0.75251    -2.17057
    -9.52729    -0.72849    -2.10162
    -9.51729    -0.70570    -2.03612
    -9.50829    -0.68446    -1.97524
    -9.49829    -0.68189    -1.96907
    -9.48829    -0.67741    -1.95703
    -9.47929    -0.66305    -1.91571
    -9.46929    -0.64126    -1.85288
    -9.46029    -0.61075    -1.76503
    -9.45029    -0.57427    -1.66080
    -9.44029    -0.54280    -1.57144
    -9.43129    -0.51457    -1.49132
    -9.42129    -0.48957    -1.42044
    -9.41129    -0.46928    -1.36265
    -9.40229    -0.45774    -1.32932
    -9.39229    -0.45010    -1.30715
    -9.38329    -0.44510    -1.29254
    -9.37329    -0.44219    -1.28391
    -9.36329    -0.44043    -1.27836
    -9.35429    -0.43981    -1.27605
    -9.34429    -0.43497    -1.26031
    -9.33529    -0.42657    -1.23340
    -9.32529    -0.41939    -1.21036
    -9.31529    -0.41340    -1.19104
    -9.30629    -0.41340    -1.19090
    -9.29629    -0.41951    -1.20987
    -9.28729    -0.42625    -1.23068
    -9.27729    -0.43251    -1.24996
    -9.26729    -0.43831    -1.26785
    -9.25829    -0.44365    -1.28417
    -9.24829    -0.44871    -1.29964
    -9.23929    -0.45417    -1.31623
    -9.22929    -0.46087    -1.33613
    -9.21929    -0.47271    -1.37032
    -9.21029    -0.48418    -1.40323
    -9.20029    -0.49553    -1.43578
    -9.19129    -0.50703    -1.46849
    -9.18129    -0.52149    -1.50974
    -9.17129    -0.53999    -1.56231
    -9.16229    -0.58345    -1.68427
    -9.15229    -0.63753    -1.83675
    -9.14329    -0.74329    -2.13615
    -9.13329    -0.84881    -2.43768
    -9.12329    -0.90958    -2.62132
    -9.11429    -0.99198    -2.87312
    -9.10429    -1.05123    -3.05947
    -9.09529    -1.03282    -3.01112
    -9.08529    -1.02934    -3.00457
    -9.07529    -1.04146    -3.04076
    -9.06629    -1.05512    -3.08156
    -9.05629    -1.07041    -3.12713
    -9.04729    -1.08726    -3.17746
    -9.03729    -1.10047    -3.22247
    -9.02729    -1.07433    -3.15185
    -9.01829    -0.98198    -2.88311
    -9.00829    -0.88934    -2.61129
    -8.99929    -0.81829    -2.40443
    -8.98929    -0.77450    -2.27735
    -8.97929    -0.75035    -2.20488
    -8.97029    -0.72548    -2.12966
    -8.96029    -0.70579    -2.06922
    -8.95029    -0.70670    -2.06993
    -8.94129    -0.70794    -2.07151
    -8.93129    -0.71115    -2.07758
    -8.92229    -0.72099    -2.10030
    -8.91229    -0.73127    -2.12424
    -8.90229    -0.74206    -2.14931
    -8.89329    -0.75326    -2.17552
    -8.88329    -0.76537    -2.20415
    -8.87429    -0.77937    -2.23795
    -8.86429    -0.79532    -2.27698
    -8.85429    -0.80643    -2.30302
    -8.84529    -0.83974    -2.39129
    -8.83529    -0.87792    -2.49400
    -8.82629    -0.91805    -2.60281
    -8.81629    -0.95828    -2.71195
    -8.80629    -0.99881    -2.82240
    -8.79729    -1.04331    -2.94612
    -8.78729    -1.19637    -3.41633
    -8.77829    -1.44754    -4.18996
    -8.76829    -1.29429    -3.69061
    -8.75829    -1.22133    -3.47323
    -8.74929    -1.14530    -3.24852
    -8.73929    -1.06624    -3.01656
    -8.73029    -0.98413    -2.77735
    -8.72029    -0.89804    -2.52799
    -8.71029    -0.82808    -2.32468
    -8.70129    -0.78821    -2.20448
    -8.69129    -0.75406    -2.10204
    -8.68229    -0.72614    -2.01891
    -8.67229    -0.70439    -1.95504
    -8.66229    -0.68724    -1.90530
    -8.65329    -0.66988    -1.85511
    -8.64329    -0.65200    -1.80373
    -8.63429    -0.63975    -1.76861
    -8.62429    -0.63811    -1.76445
    -8.61429    -0.66774    -1.85111
    -8.60529    -0.69958    -1.94390
    -8.59529    -0.73040    -2.03316
    -8.58629    -0.74572    -2.07683
    -8.57629    -0.74245    -2.06611
    -8.56629    -0.73256    -2.03613
    -8.55729    -0.71606    -1.98686
    -8.54729    -0.69518    -1.92497
    -8.53829    -0.67339    -1.86057
    -8.52829    -0.65409    -1.80274
    -8.51829    -0.63689    -1.75062
    -8.50929    -0.62118    -1.70276
    -8.49929    -0.60907    -1.66460
    -8.49029    -0.60068    -1.63644
    -8.48029    -0.60035    -1.62978
    -8.47029    -0.59768    -1.61671
    -8.46129    -0.59039    -1.59143
    -8.45129    -0.59328    -1.59448
    -8.44129    -0.60851    -1.63176
    -8.43229    -0.62663    -1.67691
    -8.42229    -0.64681    -1.72738
    -8.41329    -0.66885    -1.78276
    -8.40329    -0.68896    -1.83330
    -8.39329    -0.70639    -1.87707
    -8.38429    -0.72695    -1.92916
    -8.37429    -0.74972    -1.98703
    -8.36529    -0.77094    -2.04122
    -8.35529    -0.79036    -2.09092
    -8.34529    -0.80796    -2.13615
    -8.33629    -0.82376    -2.17687
    -8.32629    -0.83876    -2.21594
    -8.31729    -0.85440    -2.25722
    -8.30729    -0.87285    -2.30619
    -8.29729    -0.89459    -2.36425
    -8.28829    -0.91936    -2.43077
    -8.27829    -0.92667    -2.45174
    -8.26929    -0.93379    -2.47187
    -8.25929    -0.92582    -2.45275
    -8.24929    -0.91347    -2.41880
    -8.24029    -0.90752    -2.40226
    -8.23029    -0.90027    -2.38247
    -8.22129    -0.89155    -2.35909
    -8.21129    -0.95769    -2.53587
    -8.20129    -1.07323    -2.84588
    -8.19229    -1.20176    -3.19115
    -8.18229    -1.24562    -3.30948
    -8.17329    -1.21431    -3.22221
    -8.16329    -1.18172    -3.13260
    -8.15329    -1.14471    -3.03184
    -8.14429    -1.10073    -2.91311
    -8.13429    -1.04865    -2.77328
    -8.12529    -0.99073    -2.61823
    -8.11529    -0.93557    -2.46945
    -8.10529    -0.89766    -2.36747
    -8.09629    -0.89225    -2.35194
    -8.08629    -0.92147    -2.42719
    -8.07729    -0.94827    -2.49576
    -8.06729    -0.97130    -2.55408
    -8.05729    -0.98620    -2.59035
    -8.04829    -0.99058    -2.59807
    -8.03829    -0.98849    -2.58833
    -8.02929    -0.98500    -2.57504
    -8.01929    -0.98012    -2.55826
    -8.00929    -0.97381    -2.53795
    -8.00029    -0.96611    -2.51415
    -7.99029    -0.95700    -2.48676
    -7.98129    -0.94649    -2.45589
    -7.97129    -0.93475    -2.42193
    -7.96129    -0.92190    -2.38517
    -7.95229    -0.90793    -2.34562
    -7.94229    -0.89286    -2.30329
    -7.93229    -0.87862    -2.26271
    -7.92329    -0.86547    -2.22487
    -7.91329    -0.85166    -2.18555
    -7.90429    -0.83788    -2.14636
    -7.89429    -0.82405    -2.10727
    -7.88429    -0.80770    -2.06206
    -7.87529    -0.78820    -2.00886
    -7.86529    -0.76556    -1.94758
    -7.85629    -0.73978    -1.87830
    -7.84629    -0.72003    -1.82214
    -7.83629    -0.70181    -1.76903
    -7.82729    -0.68217    -1.71238
    -7.81729    -0.66110    -1.65221
    -7.80829    -0.63865    -1.58851
    -7.79829    -0.61709    -1.52682
    -7.78829    -0.59820    -1.47138
    -7.77929    -0.58555    -1.43154
    -7.76929    -0.58463    -1.42032
    -7.76029    -0.62061    -1.49567
    -7.75029    -0.63095    -1.51353
    -7.74029    -0.61770    -1.47697
    -7.73129    -0.59093    -1.41184
    -7.72129    -0.58443    -1.39546
    -7.71229    -0.65847    -1.57304
    -7.70229    -0.74094    -1.77102
    -7.69229    -0.83182    -1.98940
    -7.68329    -0.92266    -2.20777
    -7.67329    -1.01797    -2.43267
    -7.66429    -1.03432    -2.46254
    -7.65429    -1.04021    -2.46937
    -7.64429    -1.04082    -2.46374
    -7.63529    -1.03609    -2.44564
    -7.62529    -1.02615    -2.41504
    -7.61629    -1.01091    -2.37200
    -7.60629    -0.99310    -2.32247
    -7.59629    -0.97748    -2.27685
    -7.58729    -0.95849    -2.22299
    -7.57729    -0.93611    -2.16086
    -7.56829    -0.91249    -2.09639
    -7.55829    -0.90060    -2.06414
    -7.54829    -0.88807    -2.03067
    -7.53929    -0.87488    -1.99604
    -7.52929    -0.86102    -1.96022
    -7.52029    -0.79714    -1.81557
    -7.51029    -0.72297    -1.65065
    -7.50029    -0.68198    -1.55878
    -7.49129    -0.71462    -1.62807
    -7.48129    -0.75226    -1.70767
    -7.47229    -0.79993    -1.80853
    -7.46229    -0.86122    -1.93980
    -7.45229    -0.92366    -2.07392
    -7.44329    -0.96768    -2.16657
    -7.43329    -1.01588    -2.26827
    -7.42329    -1.06576    -2.37298
    -7.41429    -1.11407    -2.47326
    -7.40429    -1.14231    -2.52515
    -7.39529    -1.12759    -2.48198
    -7.38529    -1.09595    -2.40112
    -7.37529    -1.10374    -2.40755
    -7.36629    -1.10752    -2.40446
    -7.35629    -1.10885    -2.39569
    -7.34729    -1.11077    -2.38812
    -7.33729    -1.11343    -2.38204
    -7.32729    -1.11518    -2.37442
    -7.31829    -1.10871    -2.35216
    -7.30829    -1.09462    -2.31726
    -7.29929    -1.07423    -2.27206
    -7.28929    -1.05780    -2.23654
    -7.27929    -1.04784    -2.21466
    -7.27029    -1.04434    -2.20623
    -7.26029    -1.04536    -2.20539
    -7.25129    -1.05230    -2.21432
    -7.24129    -1.05001    -2.20285
    -7.23129    -1.03488    -2.16361
    -7.22229    -1.01190    -2.10738
    -7.21229    -0.99368    -2.06257
    -7.20329    -0.97824    -2.02434
    -7.19329    -0.95706    -1.97419
    -7.18329    -0.94157    -1.93710
    -7.17429    -0.93617    -1.92063
    -7.16429    -0.93608    -1.91365
    -7.15529    -0.94129    -1.91620
    -7.14529    -0.95185    -1.92832
    -7.13529    -0.96774    -1.94992
    -7.12629    -0.96301    -1.92902
    -7.11629    -0.93353    -1.86137
    -7.10729    -0.89630    -1.78090
    -7.09729    -0.85757    -1.69912
    -7.08729    -0.81949    -1.61996
    -7.07829    -0.78228    -1.54381
    -7.06829    -0.78452    -1.52807
    -7.05929    -0.81315    -1.55641
    -7.04929    -0.84847    -1.60031
    -7.03929    -0.84331    -1.56589
    -7.03029    -0.81946    -1.49554
    -7.02029    -0.96617    -1.79171
    -7.01129    -1.01934    -1.90516
    -7.00129    -1.00492    -1.87832
    -6.99129    -0.96225    -1.79365
    -6.98229    -0.91827    -1.70655
    -6.97229    -0.87304    -1.61697
    -6.96329    -0.90664    -1.67660
    -6.95329    -0.99023    -1.82512
    -6.94329    -1.03814    -1.90209
    -6.93429    -1.08817    -1.98133
    -6.92429    -1.14261    -2.06709
    -6.91429    -1.20150    -2.15933
    -6.90529    -1.26670    -2.26134
    -6.89529    -1.34116    -2.37755
    -6.88629    -1.41912    -2.49863
    -6.87629    -1.48813    -2.60490
    -6.86629    -1.54212    -2.68817
    -6.85729    -1.59032    -2.76133
    -6.84729    -1.63290    -2.82412
    -6.83829    -1.66939    -2.87690
    -6.82829    -1.70548    -2.93007
    -6.81829    -1.75702    -3.01182
    -6.80929    -1.99409    -3.41736
    -6.79929    -1.88383    -3.21239
    -6.79029    -1.75598    -2.97937
    -6.78029    -1.61885    -2.73176
    -6.77029    -1.48480    -2.49003
    -6.76129    -1.34966    -2.24680
    -6.75129    -1.20687    -1.99240
    -6.74229    -1.09238    -1.79240
    -6.73229    -0.99066    -1.61780
    -6.72229    -0.87824    -1.42635
    -6.71329    -0.75520    -1.21797
    -6.70329    -0.63407    -1.01450
    -6.69429    -0.54622    -0.86754
    -6.68429    -0.47581    -0.74434
    -6.67429    -0.38805    -0.59677
    -6.66529    -0.18827    -0.28733
    -6.65529    -0.16946    -0.25093
    -6.64629    -0.22897    -0.33622
    -6.63629    -0.30537    -0.44621
    -6.62629    -0.39161    -0.57033
    -6.61729    -0.48771    -0.70861
    -6.60729    -0.59363    -0.86098
    -6.59829    -0.71128    -1.02954
    -6.58829    -0.85491    -1.23105
    -6.57829    -1.01098    -1.44990
    -6.56929    -1.38235    -1.90723
    -6.55929    -1.29361    -1.78560
    -6.55029    -1.11631    -1.58064
    -6.54029    -1.02651    -1.48473
    -6.53029    -1.06413    -1.53940
    -6.52129    -1.09971    -1.58838
    -6.51129    -1.15192    -1.66602
    -6.50229    -1.24321    -1.81283
    -6.49229    -1.51035    -2.24996
    -6.48229    -1.45703    -2.18757
    -6.47329    -1.39542    -2.10546
    -6.46329    -1.34167    -2.03726
    -6.45329    -1.28959    -1.97351
    -6.44429    -1.25914    -1.94781
    -6.43429    -1.20986    -1.88444
    -6.42529    -1.14638    -1.78992
    -6.41529    -1.08930    -1.70222
    -6.40529    -1.03853    -1.62124
    -6.39629    -1.03589    -1.61859
    -6.38629    -1.06051    -1.66239
    -6.37729    -1.08636    -1.70798
    -6.36729    -1.06863    -1.67811
    -6.35729    -1.04925    -1.64488
    -6.34829    -1.05196    -1.64876
    -6.33829    -1.05506    -1.65319
    -6.32929    -1.06411    -1.66617
    -6.31929    -1.08251    -1.69279
    -6.30929    -1.10410    -1.72455
    -6.30029    -1.12675    -1.75777
    -6.29029    -1.14958    -1.79103
    -6.28129    -1.17134    -1.82258
    -6.27129    -1.18400    -1.84012
    -6.26129    -1.19011    -1.84746
    -6.25229    -1.19407    -1.85127
    -6.24229    -1.19586    -1.85152
    -6.23329    -1.19559    -1.84841
    -6.22329    -1.19503    -1.84456
    -6.21329    -1.19472    -1.84077
    -6.20429    -1.19483    -1.83714
    -6.19429    -1.15392    -1.76407
    -6.18529    -1.08413    -1.64108
    -6.17529    -1.09929    -1.65895
    -6.16529    -1.12657    -1.69282
    -6.15629    -1.15929    -1.73231
    -6.14629    -1.20581    -1.79017
    -6.13729    -1.26579    -1.86601
    -6.12729    -1.33637    -1.95493
    -6.11729    -1.49103    -2.16871
    -6.10829    -1.72625    -2.48915
    -6.09829    -1.78333    -2.53608
    -6.08929    -1.93267    -2.72886
    -6.07929    -2.03199    -2.85140
    -6.06929    -2.08613    -2.91056
    -6.06029    -2.12489    -2.94955
    -6.05029    -2.15547    -2.97925
    -6.04129    -2.09550    -2.86814
    -6.03129    -2.06566    -2.80418
    -6.02129    -2.10148    -2.84514
    -6.01229    -2.11259    -2.85285
    -6.00229    -2.11575    -2.85069
    -5.99329    -2.09651    -2.81673
    -5.98329    -2.03307    -2.72085
    -5.97329    -1.91936    -2.55636
    -5.96429    -1.80686    -2.39537
    -5.95429    -1.69674    -2.23935
    -5.94429    -1.59413    -2.09503
    -5.93529    -1.49981    -1.96351
    -5.92529    -1.16682    -1.53887
    -5.91629    -1.16781    -1.53964
    -5.90629    -1.18081    -1.55708
    -5.89629    -1.19981    -1.58263
    -5.88729    -1.21552    -1.60281
    -5.87729    -1.24247    -1.63802
    -5.86829    -1.28474    -1.69414
    -5.85829    -1.34055    -1.76775
    -5.84829    -1.40869    -1.85650
    -5.83929    -1.49179    -1.96389
    -5.82929    -1.59103    -2.09176
    -5.82029    -1.70267    -2.23467
    -5.81029    -1.81986    -2.38349
    -5.80029    -1.94205    -2.53762
    -5.79129    -1.96619    -2.57624
    -5.78129    -1.98254    -2.60203
    -5.77229    -2.05206    -2.69101
    -5.76229    -2.14706    -2.81227
    -5.75229    -2.23938    -2.92958
    -5.74329    -2.23627    -2.92091
    -5.73329    -2.14954    -2.80128
    -5.72429    -2.05615    -2.67239
    -5.71429    -1.95673    -2.53492
    -5.70429    -1.89396    -2.44729
    -5.69529    -1.87033    -2.41343
    -5.68529    -1.84474    -2.37707
    -5.67629    -1.82155    -2.34366
    -5.66629    -1.80899    -2.32359
    -5.65629    -1.80823    -2.31856
    -5.64729    -1.81775    -2.32649
    -5.63729    -1.82862    -2.33414
    -5.62829    -1.83830    -2.34004
    -5.61829    -1.84551    -2.34266
    -5.60829    -1.85008    -2.34215
    -5.59929    -1.85139    -2.33737
    -5.58929    -1.84539    -2.32281
    -5.58029    -1.82976    -2.29557
    -5.57029    -1.80934    -2.26173
    -5.56029    -1.79268    -2.23363
    -5.55129    -1.77974    -2.21164
    -5.54129    -1.76828    -2.19273
    -5.53229    -2.04002    -2.54890
    -5.52229    -1.94798    -2.41739
    -5.51229    -1.84681    -2.27517
    -5.50329    -1.80241    -2.21175
    -5.49329    -1.76633    -2.16148
    -5.48429    -1.72024    -2.09963
    -5.47429    -1.66004    -2.02107
    -5.46429    -1.60145    -1.94399
    -5.45529    -1.58495    -1.91550
    -5.44529    -1.55087    -1.86308
    -5.43529    -1.61392    -1.92307
    -5.42629    -1.62868    -1.93702
    -5.41629    -1.49038    -1.77518
    -5.40729    -1.21002    -1.44546
    -5.39729    -0.96664    -1.15566
    -5.38729    -0.75728    -0.90593
    -5.37829    -0.58196    -0.69623
    -5.36829    -0.46929    -0.56101
    -5.35929    -0.53388    -0.63860
    -5.34929    -0.60444    -0.72303
    -5.33929    -0.68576    -0.81978
    -5.33029    -0.79184    -0.94481
    -5.32029    -0.93612    -1.11349
    -5.31129    -1.17822    -1.39607
    -5.30129    -1.41674    -1.67520
    -5.29129    -1.57701    -1.86063
    -5.28229    -1.75536    -2.06822
    -5.27229    -1.99945    -2.35799
    -5.26329    -2.22798    -2.62961
    -5.25329    -2.42710    -2.86590
    -5.24329    -2.65670    -3.13577
    -5.23429    -2.88667    -3.40317
    -5.22429    -3.07365    -3.61803
    -5.21529    -3.06516    -3.60241
    -5.20529    -2.96491    -3.47865
    -5.19529    -2.85261    -3.33988
    -5.18629    -2.69306    -3.14544
    -5.17629    -2.40169    -2.79703
    -5.16729    -1.96972    -2.29069
    -5.15729    -1.94377    -2.25236
    -5.14729    -1.95524    -2.25560
    -5.13829    -1.97389    -2.26703
    -5.12829    -1.98837    -2.27328
    -5.11929    -1.99649    -2.27209
    -5.10929    -1.99865    -2.26367
    -5.09929    -1.99462    -2.24772
    -5.09029    -1.98565    -2.22593
    -5.08029    -1.98059    -2.20849
    -5.07129    -1.98868    -2.20756
    -5.06129    -1.99906    -2.20976
    -5.05129    -2.03582    -2.24005
    -5.04229    -2.18905    -2.39078
    -5.03229    -2.25121    -2.44616
    -5.02329    -2.23460    -2.42120
    -5.01329    -2.21005    -2.38835
    -5.00329    -2.17899    -2.34862
    -4.99429    -2.14200    -2.30298
    -4.98429    -2.10335    -2.25599
    -4.97529    -2.06933    -2.21376
    -4.96529    -2.07194    -2.21011
    -4.95529    -2.12845    -2.26332
    -4.94629    -2.24082    -2.37649
    -4.93629    -2.34212    -2.47754
    -4.92629    -2.39537    -2.52804
    -4.91729    -2.41562    -2.54575
    -4.90729    -2.46086    -2.59178
    -4.89829    -2.52379    -2.65656
    -4.88829    -2.64146    -2.77697
    -4.87829    -2.77700    -2.91504
    -4.86929    -2.91028    -3.05037
    -4.85929    -2.98448    -3.12021
    -4.85029    -3.00475    -3.13215
    -4.84029    -3.00588    -3.12425
    -4.83029    -2.99851    -3.10735
    -4.82129    -2.98239    -3.08153
    -4.81129    -2.95505    -3.04398
    -4.80229    -2.80400    -2.88120
    -4.79229    -2.61499    -2.67963
    -4.78229    -2.53176    -2.58687
    -4.77329    -2.44690    -2.49426
    -4.76329    -2.38336    -2.42386
    -4.75429    -2.34585    -2.37935
    -4.74429    -2.32707    -2.35206
    -4.73429    -2.32674    -2.34163
    -4.72529    -2.34022    -2.34487
    -4.71529    -2.38545    -2.37899
    -4.70629    -2.43230    -2.41469
    -4.69629    -2.47542    -2.44593
    -4.68629    -2.55006    -2.50724
    -4.67729    -2.56480    -2.51088
    -4.66729    -2.72653    -2.63933
    -4.65829    -2.76615    -2.65904
    -4.64829    -2.84516    -2.72080
    -4.63829    -2.90277    -2.77194
    -4.62929    -2.77920    -2.64861
    -4.61929    -2.65289    -2.52243
    -4.61029    -2.53313    -2.40248
    -4.60029    -2.52109    -2.38682
    -4.59029    -2.52661    -2.38831
    -4.58129    -2.56955    -2.42520
    -4.57129    -2.34902    -2.21172
    -4.56229    -2.35858    -2.22633
    -4.55229    -2.33657    -2.20939
    -4.54229    -2.29675    -2.17340
    -4.53329    -2.23899    -2.11847
    -4.52329    -2.17735    -2.05881
    -4.51429    -2.13042    -2.01353
    -4.50429    -2.10024    -1.98396
    -4.49429    -2.08380    -1.96743
    -4.48529    -2.07863    -1.96107
    -4.47529    -2.08154    -1.96197
    -4.46629    -2.08894    -1.96664
    -4.45629    -2.10083    -1.97513
    -4.44629    -1.94297    -1.81801
    -4.43729    -1.98608    -1.85493
    -4.42729    -2.03324    -1.89506
    -4.41729    -2.32426    -2.14742
    -4.40829    -2.38094    -2.18919
    -4.39829    -2.45742    -2.24822
    -4.38929    -2.54760    -2.31963
    -4.37929    -2.63970    -2.39164
    -4.36929    -2.74911    -2.47880
    -4.36029    -2.87828    -2.58294
    -4.35029    -3.01571    -2.69428
    -4.34129    -3.12821    -2.78251
    -4.33129    -3.12838    -2.76803
    -4.32129    -3.14836    -2.77065
    -4.31229    -3.22765    -2.82463
    -4.30229    -3.33004    -2.89776
    -4.29329    -3.36767    -2.91794
    -4.28329    -3.55172    -3.06033
    -4.27329    -3.87197    -3.31885
    -4.26429    -4.86545    -4.14037
    -4.25429    -4.52272    -3.88457
    -4.24529    -4.77446    -4.09982
    -4.23529    -5.09636    -4.36800
    -4.22529    -5.35211    -4.57604
    -4.21629    -5.55207    -4.72933
    -4.20629    -5.62173    -4.74280
    -4.19729    -5.64480    -4.72487
    -4.18729    -5.61099    -4.68169
    -4.17729    -5.27387    -4.40407
    -4.16829    -4.84104    -4.05032
    -4.15829    -4.26534    -3.55952
    -4.14929    -4.04017    -3.37278
    -4.13929    -3.76319    -3.13440
    -4.12929    -3.53997    -2.93960
    -4.12029    -3.37249    -2.79360
    -4.11029    -3.25825    -2.69413
    -4.10129    -3.10765    -2.55955
    -4.09129    -3.03050    -2.48600
    -4.08129    -3.01240    -2.46929
    -4.07229    -2.95924    -2.43389
    -4.06229    -2.86974    -2.34526
    -4.05329    -2.83580    -2.30347
    -4.04329    -3.00119    -2.42989
    -4.03329    -3.72955    -2.97703
    -4.02429    -4.19534    -3.32085
    -4.01429    -4.43961    -3.48604
    -4.00529    -4.58775    -3.57452
    -3.99529    -4.74616    -3.67259
    -3.98529    -5.88729    -4.52036
    -3.97629    -4.65751    -3.54468
    -3.96629    -4.45593    -3.35440
    -3.95729    -4.32581    -3.21755
    -3.94729    -4.21774    -3.09662
    -3.93729    -4.26161    -3.09244
    -3.92829    -4.26518    -3.06759
    -3.91829    -4.27484    -3.04220
    -3.90829    -4.26617    -3.00483
    -3.89929    -4.23577    -2.95311
    -3.88929    -4.19510    -2.89646
    -3.88029    -4.14963    -2.83994
    -3.87029    -4.09469    -2.77910
    -3.86029    -4.03027    -2.71383
    -3.85129    -4.04274    -2.70707
    -3.84129    -3.92380    -2.63168
    -3.83229    -3.90400    -2.62165
    -3.82229    -3.91810    -2.62988
    -3.81229    -3.90170    -2.61382
    -3.80329    -3.86794    -2.58434
    -3.79329    -3.83791    -2.55676
    -3.78429    -3.80509    -2.52865
    -3.77429    -3.64403    -2.41718
    -3.76429    -3.16415    -2.09850
    -3.75529    -3.29633    -2.18707
    -3.74529    -3.70171    -2.45501
    -3.73629    -3.92020    -2.59319
    -3.72629    -4.10619    -2.70520
    -3.71629    -4.32430    -2.83499
    -3.70729    -4.79767    -3.13859
    -3.69729    -5.06189    -3.29923
    -3.68829    -5.36425    -3.46988
    -3.67829    -6.13639    -3.94608
    -3.66829    -6.92313    -4.42817
    -3.65929    -8.74578    -5.59035
    -3.64929    -6.10183    -3.82379
    -3.64029    -6.42125    -3.96640
    -3.63029    -6.75685    -4.19555
    -3.62029    -4.77571    -2.95691
    -3.61129    -3.60342    -2.21059
    -3.60129    -3.64184    -2.23766
    -3.59229    -4.01815    -2.47088
    -3.58229    -4.97635    -3.06538
    -3.57229    -5.97650    -3.66880
    -3.56329    -7.93856    -4.82366
    -3.55329    -8.99366    -5.43790
    -3.54429    -9.29720    -5.59604
    -3.53429    -8.91396    -5.32516
    -3.52429    -7.52269    -4.44947
    -3.51529    -4.94677    -2.85123
    -3.50529    -4.62854    -2.61341
    -3.49629    -4.62118    -2.57811
    -3.48629    -4.60175    -2.53857
    -3.47629    -4.70481    -2.56410
    -3.46729    -4.90423    -2.64005
    -3.45729    -5.17858    -2.75528
    -3.44729    -5.52866    -2.91042
    -3.43829    -5.96792    -3.11730
    -3.42829    -6.47961    -3.36814
    -3.41929    -7.11223    -3.68004
    -3.40929    -8.10724    -4.16067
    -3.39929    -8.63730    -4.43119
    -3.39029    -8.99879    -4.61970
    -3.38029    -9.17129    -4.70688
    -3.37129    -8.32186    -4.26578
    -3.36129    -7.53877    -3.85162
    -3.35129    -6.63054    -3.35343
    -3.34229    -5.68410    -2.85977
    -3.33229    -5.95380    -2.98262
    -3.32329    -6.39841    -3.18696
    -3.31329    -6.74909    -3.34480
    -3.30329    -6.87972    -3.39429
    -3.29429    -6.92247    -3.40509
    -3.28429    -6.92347    -3.38131
    -3.27529    -6.95440    -3.37308
    -3.26529    -6.94572    -3.35270
    -3.25529    -6.96485    -3.34332
    -3.24629    -7.02429    -3.35235
    -3.23629    -7.02809    -3.34016
    -3.22729    -6.97339    -3.30000
    -3.21729    -6.70696    -3.15562
    -3.20729    -6.16570    -2.85622
    -3.19829    -5.19007    -2.34280
    -3.18829    -4.17971    -1.79503
    -3.17929    -4.50856    -1.91752
    -3.16929    -4.64189    -1.96993
    -3.15929    -4.62712    -1.95811
    -3.15029    -4.62624    -1.94683
    -3.14029    -4.61372    -1.93126
    -3.13129    -4.58948    -1.91130
    -3.12129    -4.55357    -1.88701
    -3.11129    -4.53156    -1.87053
    -3.10229    -4.69401    -1.94594
    -3.09229    -4.90983    -2.04887
    -3.08329    -5.08908    -2.13095
    -3.07329    -5.26314    -2.20650
    -3.06329    -5.38054    -2.24401
    -3.05429    -5.53745    -2.29503
    -3.04429    -5.70452    -2.35035
    -3.03529    -5.70229    -2.33648
    -3.02529    -5.91238    -2.40797
    -3.01529    -6.66067    -2.68951
    -3.00629    -6.45491    -2.57222
    -2.99629    -7.16069    -2.82732
    -2.98729    -7.51889    -2.93620
    -2.97729    -8.00475    -3.09639
    -2.96729    -8.32152    -3.19561
    -2.95829    -8.50342    -3.24388
    -2.94829    -8.64512    -3.27398
    -2.93829    -8.83175    -3.31966
    -2.92929    -9.23739    -3.41234
    -2.91929    -9.74481    -3.57339
    -2.91029   -10.21398    -3.71740
    -2.90029   -10.30097    -3.72050
    -2.89029    -9.76598    -3.50837
    -2.88129    -9.40975    -3.35756
    -2.87129    -9.43329    -3.34650
    -2.86229    -9.78836    -3.47200
    -2.85229   -11.59570    -4.15439
    -2.84229   -14.63628    -5.18115
    -2.83329   -13.73751    -4.84478
    -2.82329   -13.38583    -4.69385
    -2.81429   -13.13040    -4.56992
    -2.80429   -12.78835    -4.40118
    -2.79429   -11.98848    -4.11864
    -2.78529   -11.42438    -3.91048
    -2.77529   -10.52366    -3.53795
    -2.76629   -10.19195    -3.34015
    -2.75629    -9.50015    -3.03107
    -2.74629    -9.24073    -2.89841
    -2.73729    -9.96753    -3.17546
    -2.72729   -11.15885    -3.58999
    -2.71829   -12.17469    -3.94749
    -2.70829   -13.29895    -4.34310
    -2.69829   -12.90167    -4.22011
    -2.68929   -11.89886    -3.83212
    -2.67929   -11.13561    -3.53750
    -2.67029   -10.57258    -3.31565
    -2.66029   -10.14907    -3.14313
    -2.65029   -10.09741    -3.02950
    -2.64129   -10.98632    -3.20057
    -2.63129   -12.50365    -3.55125
    -2.62229   -12.47609    -3.51953
    -2.61229   -11.43536    -3.24925
    -2.60229   -11.06796    -3.14931
    -2.59329   -10.63416    -3.03218
    -2.58329   -10.17495    -2.90881
    -2.57429    -9.79919    -2.80918
    -2.56429   -10.50432    -2.98878
    -2.55429    -7.52240    -2.07686
    -2.54529    -6.84574    -1.87031
    -2.53529    -6.40292    -1.72495
    -2.52629    -9.92932    -2.58626
    -2.51629    -9.19999    -2.37821
    -2.50629    -8.81204    -2.25735
    -2.49729    -8.49483    -2.15718
    -2.48729    -8.49636    -2.14419
    -2.47829    -8.53488    -2.14016
    -2.46829    -8.63139    -2.14867
    -2.45829    -8.78503    -2.16963
    -2.44929    -8.72980    -2.15141
    -2.43929    -8.86810    -2.18056
    -2.42929    -8.98747    -2.20018
    -2.42029    -9.06330    -2.20716
    -2.41029    -8.81640    -2.13236
    -2.40129    -8.13310    -1.95531
    -2.39129    -7.26791    -1.73940
    -2.38129   -10.44438    -2.58488
    -2.37229   -10.66517    -2.60689
    -2.36229   -10.93816    -2.64619
    -2.35329   -11.14809    -2.66913
    -2.34329    -9.68403    -2.24758
    -2.33329    -8.35682    -1.91018
    -2.32429    -8.27536    -1.87807
    -2.31429    -8.21924    -1.85237
    -2.30529    -8.14475    -1.82344
    -2.29529    -8.22522    -1.82717
    -2.28529    -8.33729    -1.83758
    -2.27629    -8.45592    -1.84969
    -2.26629    -8.57615    -1.86223
    -2.25729    -8.77348    -1.89082
    -2.24729    -9.07048    -1.93488
    -2.23729    -9.32105    -1.96027
    -2.22829    -9.54498    -1.98116
    -2.21829    -9.75634    -1.99866
    -2.20929    -9.96506    -2.01626
    -2.19929   -10.11430    -2.02142
    -2.18929   -10.20299    -2.01425
    -2.18029   -10.09825    -1.97113
    -2.17029   -10.01660    -1.92659
    -2.16129   -10.07478    -1.90473
    -2.15129   -10.23606    -1.89482
    -2.14129   -10.65307    -1.91755
    -2.13229   -11.33847    -1.98514
    -2.12229   -11.32616    -1.94693
    -2.11329   -11.12980    -1.89000
    -2.10329   -12.34309    -2.10197
    -2.09329    -9.87329    -1.60217
    -2.08429    -8.86780    -1.41137
    -2.07429    -8.15228    -1.27046
    -2.06529    -8.63765    -1.32264
    -2.05529    -9.81274    -1.49746
    -2.04529   -11.18980    -1.77762
    -2.03629   -12.02759    -1.90180
    -2.02629   -13.20443    -2.06725
    -2.01729   -14.29539    -2.26343
    -2.00729   -14.73259    -2.31750
    -1.99729   -13.31806    -2.01150
    -1.98829    -9.99039    -1.39674
    -1.97829    -9.82515    -1.36489
    -1.96929   -10.63873    -1.44243
    -1.95929   -14.09336    -1.85084
    -1.94929   -19.69949    -2.60719
    -1.94029   -18.27597    -2.46174
    -1.93029   -17.06463    -2.29366
    -1.92029   -15.76319    -2.11888
    -1.91129   -13.93125    -1.89814
    -1.90129   -14.57376    -1.98838
    -1.89229   -14.89725    -2.01985
    -1.88229   -15.67930    -2.10427
    -1.87229   -15.47114    -2.04415
    -1.86329   -18.52167    -2.42057
    -1.85329   -28.64376    -3.59862
    -1.84429   -35.10829    -3.99200
    -1.83429   -22.52883    -2.43079
    -1.82429   -21.08666    -2.73637
    -1.81529   -28.69888    -3.56394
    -1.80529   -30.49016    -3.62537
    -1.79629   -30.20461    -3.51676
    -1.78629   -29.66988    -3.39339
    -1.77629   -32.18620    -3.61697
    -1.76729   -26.05214    -2.92430
    -1.75729   -24.86350    -2.81094
    -1.74829   -24.05830    -2.67521
    -1.73829   -24.43726    -2.65047
    -1.72829   -25.25077    -2.64077
    -1.71929   -29.62762    -3.10395
    -1.70929   -29.92011    -3.28611
    -1.70029   -24.24662    -2.47231
    -1.69029   -27.34171    -2.65328
    -1.68029   -24.04114    -2.28908
    -1.67129   -20.20551    -1.87221
    -1.66129   -19.55432    -1.74751
    -1.65229   -26.46145    -2.35553
    -1.64229   -36.19999    -3.31300
    -1.63229   -39.66503    -3.86059
    -1.62329   -25.00078    -2.22634
    -1.61329   -19.68292    -1.76589
    -1.60429   -20.79786    -1.92662
    -1.59429   -26.49239    -2.53346
    -1.58429   -40.34258    -3.62195
    -1.57529   -28.73889    -2.54424
    -1.56529   -22.64519    -1.99083
    -1.55629   -26.92866    -2.36971
    -1.54629   -26.46385    -2.32615
    -1.53629   -23.51561    -2.08954
    -1.52729   -21.15042    -1.88745
    -1.51729   -36.72626    -2.98736
    -1.50829   -32.70795    -2.70610
    -1.49829   -21.61754    -1.79513
    -1.48829   -21.13123    -1.80935
    -1.47929   -22.40384    -1.96172
    -1.46929   -22.64821    -2.00324
    -1.46029   -22.97566    -2.04785
    -1.45029   -26.05571    -2.29943
    -1.44029   -27.89471    -2.42292
    -1.43129   -30.76993    -2.57747
    -1.42129   -33.53870    -2.62722
    -1.41129   -23.08851    -1.93021
    -1.40229   -19.37807    -1.65180
    -1.39229   -19.60514    -1.63809
    -1.38329   -18.94944    -1.54262
    -1.37329   -14.31815    -1.18443
    -1.36329    -7.82392    -0.68481
    -1.35429    -4.39520    -0.40087
    -1.34429    -1.43345    -0.10088
    -1.33529    -4.50343    -0.31594
    -1.32529    -9.83212    -0.74827
    -1.31529   -12.81929    -1.02446
    -1.30629   -16.76814    -1.32415
    -1.29629   -23.81587    -1.88104
    -1.28729   -24.93148    -1.93121
    -1.27729   -24.48477    -1.82969
    -1.26729   -24.58149    -1.80647
    -1.25829   -23.55867    -1.72387
    -1.24829   -18.46218    -1.33147
    -1.23929   -17.25808    -1.25712
    -1.22929   -18.59839    -1.36922
    -1.21929   -27.67405    -2.05461
    -1.21029   -27.94623    -2.14033
    -1.20029   -25.97307    -1.97533
    -1.19129   -23.70734    -1.76037
    -1.18129   -22.53012    -1.51894
    -1.17129   -26.56970    -1.59781
    -1.16229   -18.41964    -1.06282
    -1.15229   -19.11943    -1.08955
    -1.14329   -25.12210    -1.39576
    -1.13329   -22.98690    -1.33572
    -1.12329   -15.60967    -0.95384
    -1.11429   -16.26612    -1.12867
    -1.10429   -19.75547    -1.48293
    -1.09529   -19.77805    -1.54316
    -1.08529   -16.38853    -1.21352
    -1.07529   -18.56499    -1.42358
    -1.06629   -22.43042    -1.79645
    -1.05629   -19.49512    -1.55463
    -1.04729   -16.62010    -1.31826
    -1.03729   -15.12984    -1.19513
    -1.02729   -16.02050    -1.28165
    -1.01829   -30.76633    -2.82431
    -1.00829   -24.93604    -2.11198
    -0.99929   -26.57356    -2.19100
    -0.98929   -27.20633    -2.19617
    -0.97929   -19.94382    -1.60881
    -0.97029   -12.91829    -1.12469
    -0.96029   -10.45775    -0.99024
    -0.95029   -15.73859    -1.47602
    -0.94129   -19.87872    -1.91708
    -0.93129   -20.09988    -1.95699
    -0.92229   -20.10586    -1.95671
    -0.91229   -20.86424    -1.99648
    -0.90229   -20.22455    -1.90259
    -0.89329   -19.56524    -1.79560
    -0.88329   -18.14801    -1.60519
    -0.87429   -17.00128    -1.42675
    -0.86429   -15.45266    -1.23460
    -0.85429   -15.61616    -1.21106
    -0.84529   -20.42468    -1.61993
    -0.83529   -23.21914    -1.76011
    -0.82629   -21.71224    -1.67330
    -0.81629   -16.35784    -1.32794
    -0.80629   -15.76965    -1.27773
    -0.79729   -15.96215    -1.27279
    -0.78729   -15.70132    -1.25893
    -0.77829   -21.06309    -1.65821
    -0.76829   -25.72357    -1.99385
    -0.75829   -27.52829    -2.10166
    -0.74929   -23.79647    -1.84376
    -0.73929   -20.20233    -1.54988
    -0.73029   -10.09402    -0.70729
    -0.72029   -10.16261    -0.66680
    -0.71029   -10.65232    -0.66787
    -0.70129   -11.21040    -0.70312
    -0.69129   -11.64690    -0.75742
    -0.68229   -13.92173    -0.93967
    -0.67229   -16.78734    -1.16132
    -0.66229   -20.22484    -1.39384
    -0.65329   -23.17533    -1.57759
    -0.64329   -24.21983    -1.67679
    -0.63429   -22.55320    -1.62448
    -0.62429   -22.60953    -1.62804
    -0.61429   -27.92479    -1.97238
    -0.60529   -30.25276    -2.14291
    -0.59529   -30.06148    -2.25415
    -0.58629   -25.15349    -2.01744
    -0.57629   -19.59386    -1.73497
    -0.56629    -8.96023    -0.84270
    -0.55729   -14.02983    -1.37484
    -0.54729   -26.00097    -2.33373
    -0.53829   -40.08464    -3.30953
    -0.52829   -40.30802    -3.30829
    -0.51829   -26.12522    -2.00237
    -0.50929   -19.61731    -1.28064
    -0.49929   -18.80734    -1.07659
    -0.49029   -14.18362    -0.89992
    -0.48029   -16.03768    -1.01279
    -0.47029   -18.30214    -1.15344
    -0.46129   -25.92857    -1.74738
    -0.45129   -19.87617    -1.28571
    -0.44129   -10.78675    -0.67842
    -0.43229    -8.02967    -0.56599
    -0.42229    -6.77615    -0.56887
    -0.41329   -12.69257    -1.13685
    -0.40329   -23.61429    -2.06730
    -0.39329   -27.85178    -2.09528
    -0.38429   -27.45281    -1.93675
    -0.37429   -24.79558    -1.79030
    -0.36529   -24.05535    -1.71626
    -0.35529   -17.70290    -1.16372
    -0.34529   -21.71700    -1.48729
    -0.33629   -22.46473    -1.73179
    -0.32629   -18.05094    -1.48659
    -0.31729   -17.52769    -1.49157
    -0.30729   -16.52613    -1.44923
    -0.29729   -15.30817    -1.38735
    -0.28829   -13.92051    -1.30471
    -0.27829    -9.52775    -0.95064
    -0.26929    -7.19441    -0.76584
    -0.25929    -2.80442    -0.28445
    -0.24929    -2.21611    -0.22871
    -0.24029    -1.75624    -0.18558
    -0.23029    -1.41393    -0.15403
    -0.22129    -1.16399    -0.13086
    -0.21129    -0.98527    -0.11345
    -0.20129    -0.86067    -0.10044
    -0.19229    -0.74715    -0.08845
    -0.18229    -0.64270    -0.07732
    -0.17329    -0.54735    -0.06705
    -0.16329    -0.46104    -0.05764
    -0.15329    -0.38381    -0.04909
    -0.14429    -0.31565    -0.04140
    -0.13429    -0.25655    -0.03457
    -0.12529    -0.20652    -0.02859
    -0.11529    -0.16555    -0.02348
    -0.10529    -0.13366    -0.01923
    -0.09629    -0.10901    -0.01569
    -0.08629    -0.08705    -0.01253
    -0.07729    -0.06755    -0.00972
    -0.06729    -0.05052    -0.00727
    -0.05729    -0.03597    -0.00518
    -0.04829    -0.02388    -0.00344
    -0.03829    -0.01425    -0.00205
    -0.02929    -0.00710    -0.00102
    -0.01929    -0.00241    -0.00035
    -0.00929    -0.00020    -0.00003
    -0.00029     0.00000     0.00000
     0.00971     0.00000     0.00000
     0.01871     0.00000     0.00000
     0.02871     0.00000     0.00000
     0.03871     0.00000     0.00000
     0.04771     0.00000     0.00000
     0.05771     0.00000     0.00000
     0.06771     0.00000     0.00000
     0.07671     0.00000     0.00000
     0.08671     0.00000     0.00000
     0.09571     0.00000     0.00000
     0.10571     0.00000     0.00000
     0.11571     0.00000     0.00000
     0.12471     0.00000     0.00000
     0.13471     0.00000     0.00000
     0.14371     0.00000     0.00000
     0.15371     0.00000     0.00000
     0.16371     0.00000     0.00000
     0.17271     0.00000     0.00000
     0.18271     0.00000     0.00000
     0.19171     0.00000     0.00000
     0.20171     0.00000     0.00000
     0.21171     0.00000     0.00000
     0.22071     0.00000     0.00000
     0.23071     0.00000     0.00000
     0.23971     0.00000     0.00000
     0.24971     0.00000     0.00000
     0.25971     0.00000     0.00000
     0.26871     0.00000     0.00000
     0.27871     0.00000     0.00000
     0.28771     0.00000     0.00000
     0.29771     0.00000     0.00000
     0.30771     0.00000     0.00000
     0.31671     0.00000     0.00000
     0.32671     0.00000     0.00000
     0.33571     0.00000     0.00000
     0.34571     0.00000     0.00000
     0.35571     0.00000     0.00000
     0.36471     0.00000     0.00000
     0.37471     0.00000     0.00000
     0.38371     0.00000     0.00000
     0.39371     0.00000     0.00000
     0.40371     0.00000     0.00000
     0.41271     0.00000     0.00000
     0.42271     0.00000     0.00000
     0.43171     0.00000     0.00000
     0.44171     0.00000     0.00000
     0.45171     0.00000     0.00000
     0.46071     0.00000     0.00000
     0.47071     0.00000     0.00000
     0.47971     0.00000     0.00000
     0.48971     0.00000     0.00000
     0.49971     0.00000     0.00000
     0.50871     0.00000     0.00000
     0.51871     0.00000     0.00000
     0.52771     0.00000     0.00000
     0.53771     0.00000     0.00000
     0.54771     0.00000     0.00000
     0.55671     0.00000     0.00000
     0.56671     0.00000     0.00000
     0.57671     0.00000     0.00000
     0.58571     0.00000     0.00000
     0.59571     0.00000     0.00000
     0.60471     0.00000     0.00000
     0.61471     0.00000     0.00000
     0.62471     0.00000     0.00000
     0.63371     0.00000     0.00000
     0.64371    -0.08999    -0.00944
     0.65271    -1.49696    -0.15817
     0.66271    -3.31316    -0.35451
     0.67271    -5.05239    -0.54744
     0.68171    -6.29678    -0.69960
     0.69171    -6.90734    -0.79470
     0.70071    -7.28960    -0.84483
     0.71071    -7.90598    -0.91339
     0.72071    -7.82021    -0.89805
     0.72971    -7.67619    -0.88358
     0.73971    -8.11967    -0.94744
     0.74871    -8.91164    -1.05485
     0.75871   -10.47528    -1.26119
     0.76871   -12.31427    -1.50653
     0.77771   -14.11350    -1.75730
     0.78771   -15.46166    -1.95462
     0.79671   -15.65275    -2.00515
     0.80671   -15.92309    -2.10549
     0.81671   -14.79071    -2.02006
     0.82571   -12.95603    -1.82810
     0.83571   -11.83129    -1.71329
     0.84471   -11.79321    -1.72923
     0.85471   -11.67332    -1.73218
     0.86471   -11.85456    -1.77145
     0.87371   -12.25454    -1.84067
     0.88371   -11.94488    -1.81353
     0.89271   -11.78940    -1.81261
     0.90271   -11.72058    -1.83309
     0.91271   -11.71288    -1.87134
     0.92171   -12.09605    -1.96943
     0.93171   -12.09360    -1.97673
     0.94071   -15.92826    -2.54424
     0.95071   -16.31169    -2.57862
     0.96071   -16.45971    -2.58586
     0.96971   -17.28232    -2.70683
     0.97971   -17.28848    -2.71235
     0.98871   -14.95870    -2.35131
     0.99871   -15.16615    -2.43458
     1.00871   -15.02199    -2.49427
     1.01771   -13.61920    -2.31386
     1.02771   -12.65388    -2.15902
     1.03671   -14.07557    -2.35363
     1.04671   -14.92322    -2.45630
     1.05671   -19.45637    -3.16299
     1.06571   -22.77501    -3.68033
     1.07571   -12.78754    -2.09184
     1.08571    -8.26761    -1.40581
     1.09471    -7.62712    -1.31605
     1.10471    -7.20100    -1.25246
     1.11371    -6.77267    -1.18520
     1.12371    -6.59322    -1.16216
     1.13371    -6.67331    -1.18696
     1.14271    -7.30716    -1.31879
     1.15271    -7.55926    -1.38785
     1.16171    -7.64037    -1.42781
     1.17171    -7.51600    -1.43124
     1.18171    -7.24277    -1.40794
     1.19071    -6.90028    -1.37111
     1.20071    -6.54898    -1.33164
     1.20971    -6.25421    -1.30138
     1.21971    -6.16556    -1.30940
     1.22971    -6.27844    -1.35512
     1.23871    -6.54774    -1.43152
     1.24871    -6.86686    -1.51962
     1.25771    -7.31036    -1.63907
     1.26771    -7.82187    -1.77633
     1.27771    -8.30351    -1.90636
     1.28671    -8.75860    -2.03238
     1.29671    -8.98431    -2.11380
     1.30571    -9.27079    -2.19089
     1.31571    -9.15891    -2.13739
     1.32571    -9.06002    -2.11061
     1.33471    -9.39372    -2.21054
     1.34471   -10.26535    -2.44054
     1.35371   -11.23505    -2.69734
     1.36371   -12.43100    -3.01298
     1.37371   -11.26532    -2.78334
     1.38271    -9.22919    -2.34295
     1.39271    -8.89138    -2.29075
     1.40171    -8.84054    -2.32296
     1.41171    -8.21330    -2.17232
     1.42171    -7.96529    -2.14394
     1.43071    -7.57608    -2.07145
     1.44071    -7.04722    -1.95519
     1.44971    -6.37747    -1.79552
     1.45971    -5.37414    -1.57427
     1.46971    -4.43711    -1.34904
     1.47871    -4.17293    -1.27593
     1.48871    -4.81424    -1.46444
     1.49771    -6.03553    -1.83754
     1.50771    -7.11313    -2.17904
     1.51771    -7.36569    -2.22410
     1.52671    -7.68032    -2.29166
     1.53671    -7.95743    -2.37263
     1.54671    -7.96259    -2.38055
     1.55571    -7.87727    -2.36156
     1.56571    -7.70537    -2.30894
     1.57471    -7.44055    -2.21913
     1.58471    -7.22589    -2.14094
     1.59471    -6.96302    -2.06195
     1.60371    -6.04373    -1.81085
     1.61371    -5.89005    -1.78778
     1.62271    -6.21823    -1.95787
     1.63271    -7.01244    -2.28607
     1.64271    -5.96808    -1.95321
     1.65171    -5.54446    -1.83669
     1.66171    -5.18942    -1.74449
     1.67071    -4.87527    -1.66214
     1.68071    -4.56473    -1.57482
     1.69071    -4.28670    -1.49097
     1.69971    -4.14680    -1.44955
     1.70971    -4.11468    -1.44575
     1.71871    -4.06155    -1.43512
     1.72871    -3.98814    -1.41672
     1.73871    -3.89932    -1.39293
     1.74771    -3.80030    -1.36640
     1.75771    -3.79420    -1.37556
     1.76671    -3.88410    -1.42213
     1.77671    -3.98609    -1.47511
     1.78671    -4.53817    -1.74487
     1.79571    -4.62696    -1.81103
     1.80571    -4.60043    -1.82484
     1.81471    -4.68403    -1.88413
     1.82471    -4.87346    -1.98818
     1.83471    -5.33121    -2.23003
     1.84371    -6.01215    -2.61636
     1.85371    -6.45209    -2.88781
     1.86271    -6.75997    -3.02675
     1.87271    -7.05821    -3.14566
     1.88271    -6.73508    -3.01964
     1.89171    -6.97020    -3.11962
     1.90171    -7.55156    -3.37297
     1.91071    -8.49668    -3.77611
     1.92071    -8.70107    -3.85116
     1.93071    -8.86752    -3.91701
     1.93971    -8.81392    -3.90720
     1.94971    -8.73455    -3.89192
     1.95871    -8.52638    -3.82671
     1.96871    -8.08849    -3.66904
     1.97871    -7.58832    -3.48358
     1.98771    -7.02571    -3.27008
     1.99771    -6.38942    -3.02772
     2.00671    -5.44909    -2.65098
     2.01671    -4.47916    -2.26368
     2.02671    -4.07548    -2.10458
     2.03571    -3.83199    -1.99139
     2.04571    -3.73970    -1.94453
     2.05571    -3.89724    -2.01729
     2.06471    -4.20723    -2.15750
     2.07471    -4.55087    -2.31724
     2.08371    -5.64683    -2.81364
     2.09371    -6.82033    -3.34600
     2.10371    -6.90582    -3.36288
     2.11271    -6.81090    -3.29202
     2.12271    -5.86192    -2.82803
     2.13171    -5.33037    -2.58040
     2.14171    -5.18978    -2.51724
     2.15171    -5.08572    -2.47002
     2.16071    -4.99531    -2.42663
     2.17071    -4.88856    -2.37395
     2.17971    -4.76544    -2.31185
     2.18971    -4.63152    -2.24337
     2.19971    -4.41221    -2.13039
     2.20871    -3.87731    -1.86365
     2.21871    -3.20894    -1.55459
     2.22771    -3.14542    -1.53868
     2.23771    -3.71011    -1.82021
     2.24771    -4.07841    -1.99822
     2.25671    -4.54490    -2.22176
     2.26671    -5.40358    -2.62525
     2.27571    -6.45748    -3.11127
     2.28571    -7.10539    -3.41174
     2.29571    -7.05647    -3.39456
     2.30471    -6.95121    -3.35935
     2.31471    -6.62048    -3.23115
     2.32371    -6.26673    -3.09405
     2.33371    -6.47232    -3.18107
     2.34371    -6.96253    -3.39152
     2.35271    -7.42992    -3.70895
     2.36271    -6.48816    -3.25259
     2.37171    -6.32623    -3.17171
     2.38171    -6.56156    -3.33698
     2.39171    -6.43937    -3.33193
     2.40071    -6.28165    -3.26158
     2.41071    -6.07846    -3.16598
     2.41971    -5.98691    -3.13414
     2.42971    -7.49896    -3.98332
     2.43971    -7.07427    -3.77566
     2.44871    -5.80558    -3.10130
     2.45871    -4.33659    -2.30675
     2.46771    -3.66153    -1.95259
     2.47771    -3.28836    -1.76203
     2.48771    -3.13738    -1.68329
     2.49671    -3.09713    -1.66678
     2.50671    -3.26697    -1.76774
     2.51571    -3.66076    -1.97816
     2.52571    -4.00711    -2.17245
     2.53571    -4.53555    -2.46865
     2.54471    -5.26244    -2.87293
     2.55471    -7.11519    -3.86026
     2.56471    -6.68776    -3.61828
     2.57371    -6.50574    -3.48862
     2.58371    -6.23934    -3.30734
     2.59271    -5.63126    -2.95225
     2.60271    -4.87302    -2.52208
     2.61271    -4.09606    -2.08289
     2.62171    -3.66564    -1.84412
     2.63171    -3.52369    -1.77368
     2.64071    -3.45721    -1.75226
     2.65071    -3.50476    -1.81280
     2.66071    -3.66417    -1.94177
     2.66971    -3.88869    -2.10716
     2.67971    -4.17825    -2.30891
     2.68871    -4.59899    -2.58314
     2.69871    -5.46777    -3.14222
     2.70871    -5.91578    -3.44983
     2.71771    -5.33817    -3.11260
     2.72771    -5.26367    -3.08174
     2.73671    -5.19845    -3.03749
     2.74671    -5.19320    -3.01946
     2.75671    -5.35018    -3.07794
     2.76571    -5.36099    -3.05483
     2.77571    -5.21581    -3.01125
     2.78471    -4.82981    -2.84162
     2.79471    -4.58992    -2.73641
