    # Energy          Fe          Si
   -21.20529     0.00000     0.00000
   -21.19529     0.00000     0.00000
   -21.18629     0.00000     0.00000
   -21.17629     0.00000     0.00000
   -21.16729     0.00000     0.00000
   -21.15729     0.00000     0.00000
   -21.14729     0.00000     0.00000
   -21.13829     0.00000     0.00000
   -21.12829     0.00000     0.00000
   -21.11929     0.00000     0.00000
   -21.10929     0.00000     0.00000
   -21.09929     0.00000     0.00000
   -21.09029     0.00000     0.00000
   -21.08029     0.00000     0.00000
   -21.07129     0.00000     0.00000
   -21.06129     0.00000     0.00000
   -21.05129     0.00000     0.00000
   -21.04229     0.00000     0.00000
   -21.03229     0.00000     0.00000
   -21.02329     0.00000     0.00000
   -21.01329     0.00000     0.00000
   -21.00329     0.00000     0.00000
   -20.99429     0.00000     0.00000
   -20.98429     0.00000     0.00000
   -20.97529     0.00000     0.00000
   -20.96529     0.00000     0.00000
   -20.95529     0.00000     0.00000
   -20.94629     0.00000     0.00000
   -20.93629     0.00000     0.00000
   -20.92629     0.00000     0.00000
   -20.91729     0.00000     0.00000
   -20.90729     0.00000     0.00000
   -20.89829     0.00000     0.00000
   -20.88829     0.00000     0.00000
   -20.87829     0.00000     0.00000
   -20.86929     0.00000     0.00000
   -20.85929     0.00000     0.00000
   -20.85029     0.00000     0.00000
   -20.84029     0.00000     0.00000
   -20.83029     0.00000     0.00000
   -20.82129     0.00000     0.00000
   -20.81129     0.00000     0.00000
   -20.80229     0.00000     0.00000
   -20.79229     0.00000     0.00000
   -20.78229     0.00000     0.00000
   -20.77329     0.00000     0.00000
   -20.76329     0.00000     0.00000
   -20.75429     0.00000     0.00000
   -20.74429     0.00000     0.00000
   -20.73429     0.00000     0.00000
   -20.72529     0.00000     0.00000
   -20.71529     0.00000     0.00000
   -20.70629     0.00000     0.00000
   -20.69629     0.00000     0.00000
   -20.68629     0.00000     0.00000
   -20.67729     0.00000     0.00000
   -20.66729     0.00000     0.00000
   -20.65829     0.00000     0.00000
   -20.64829     0.00000     0.00000
   -20.63829     0.00000     0.00000
   -20.62929     0.00000     0.00000
   -20.61929     0.00000     0.00000
   -20.61029     0.00000     0.00000
   -20.60029     0.00000     0.00000
   -20.59029     0.00000     0.00000
   -20.58129     0.00000     0.00000
   -20.57129     0.00000     0.00000
   -20.56229     0.00000     0.00000
   -20.55229     0.00000     0.00000
   -20.54229     0.00000     0.00000
   -20.53329     0.00000     0.00000
   -20.52329     0.00000     0.00000
   -20.51429     0.00000     0.00000
   -20.50429     0.00000     0.00000
   -20.49429     0.00000     0.00000
   -20.48529     0.00000     0.00000
   -20.47529     0.00000     0.00000
   -20.46629     0.00000     0.00000
   -20.45629     0.00000     0.00000
   -20.44629     0.00000     0.00000
   -20.43729     0.00000     0.00000
   -20.42729     0.00000     0.00000
   -20.41729     0.00000     0.00000
   -20.40829     0.00000     0.00000
   -20.39829     0.00000     0.00000
   -20.38929     0.00000     0.00000
   -20.37929     0.00000     0.00000
   -20.36929     0.00000     0.00000
   -20.36029     0.00000     0.00000
   -20.35029     0.00000     0.00000
   -20.34129     0.00000     0.00000
   -20.33129     0.00000     0.00000
   -20.32129     0.00000     0.00000
   -20.31229     0.00000     0.00000
   -20.30229     0.00000     0.00000
   -20.29329     0.00000     0.00000
   -20.28329     0.00000     0.00000
   -20.27329     0.00000     0.00000
   -20.26429     0.00000     0.00000
   -20.25429     0.00000     0.00000
   -20.24529     0.00000     0.00000
   -20.23529     0.00000     0.00000
   -20.22529     0.00000     0.00000
   -20.21629     0.00000     0.00000
   -20.20629     0.00000     0.00000
   -20.19729     0.00000     0.00000
   -20.18729     0.00000     0.00000
   -20.17729     0.00000     0.00000
   -20.16829     0.00000     0.00000
   -20.15829     0.00000     0.00000
   -20.14929     0.00000     0.00000
   -20.13929     0.00000     0.00000
   -20.12929     0.00000     0.00000
   -20.12029     0.00000     0.00000
   -20.11029     0.00000     0.00000
   -20.10129     0.00000     0.00000
   -20.09129     0.00000     0.00000
   -20.08129     0.00000     0.00000
   -20.07229     0.00000     0.00000
   -20.06229     0.00000     0.00000
   -20.05329     0.00000     0.00000
   -20.04329     0.00000     0.00000
   -20.03329     0.00000     0.00000
   -20.02429     0.00000     0.00000
   -20.01429     0.00000     0.00000
   -20.00529     0.00000     0.00000
   -19.99529     0.00000     0.00000
   -19.98529     0.00000     0.00000
   -19.97629     0.00000     0.00000
   -19.96629     0.00000     0.00000
   -19.95729     0.00000     0.00000
   -19.94729     0.00000     0.00000
   -19.93729     0.00000     0.00000
   -19.92829     0.00000     0.00000
   -19.91829     0.00000     0.00000
   -19.90829     0.00000     0.00000
   -19.89929     0.00000     0.00000
   -19.88929     0.00000     0.00000
   -19.88029     0.00000     0.00000
   -19.87029     0.00000     0.00000
   -19.86029     0.00000     0.00000
   -19.85129     0.00000     0.00000
   -19.84129     0.00000     0.00000
   -19.83229     0.00000     0.00000
   -19.82229     0.00000     0.00000
   -19.81229     0.00000     0.00000
   -19.80329     0.00000     0.00000
   -19.79329     0.00000     0.00000
   -19.78429     0.00000     0.00000
   -19.77429     0.00000     0.00000
   -19.76429     0.00000     0.00000
   -19.75529     0.00000     0.00000
   -19.74529     0.00000     0.00000
   -19.73629     0.00000     0.00000
   -19.72629     0.00000     0.00000
   -19.71629     0.00000     0.00000
   -19.70729     0.00000     0.00000
   -19.69729     0.00000     0.00000
   -19.68829     0.00000     0.00000
   -19.67829     0.00000     0.00000
   -19.66829     0.00000     0.00000
   -19.65929     0.00000     0.00000
   -19.64929     0.00000     0.00000
   -19.64029     0.00000     0.00000
   -19.63029     0.00000     0.00000
   -19.62029     0.00000     0.00000
   -19.61129     0.00000     0.00000
   -19.60129     0.00000     0.00000
   -19.59229     0.00000     0.00000
   -19.58229     0.00000     0.00000
   -19.57229     0.00000     0.00000
   -19.56329     0.00000     0.00000
   -19.55329     0.00000     0.00000
   -19.54429     0.00000     0.00000
   -19.53429     0.00000     0.00000
   -19.52429     0.00000     0.00000
   -19.51529     0.00000     0.00000
   -19.50529     0.00000     0.00000
   -19.49629     0.00000     0.00000
   -19.48629     0.00000     0.00000
   -19.47629     0.00000     0.00000
   -19.46729     0.00000     0.00000
   -19.45729     0.00000     0.00000
   -19.44729     0.00000     0.00000
   -19.43829     0.00000     0.00000
   -19.42829     0.00000     0.00000
   -19.41929     0.00000     0.00000
   -19.40929     0.00000     0.00000
   -19.39929     0.00000     0.00000
   -19.39029     0.00000     0.00000
   -19.38029     0.00000     0.00000
   -19.37129     0.00000     0.00000
   -19.36129     0.00000     0.00000
   -19.35129     0.00000     0.00000
   -19.34229     0.00000     0.00000
   -19.33229     0.00000     0.00000
   -19.32329     0.00000     0.00000
   -19.31329     0.00000     0.00000
   -19.30329     0.00000     0.00000
   -19.29429     0.00000     0.00000
   -19.28429     0.00000     0.00000
   -19.27529     0.00000     0.00000
   -19.26529     0.00000     0.00000
   -19.25529     0.00000     0.00000
   -19.24629     0.00000     0.00000
   -19.23629     0.00000     0.00000
   -19.22729     0.00000     0.00000
   -19.21729     0.00000     0.00000
   -19.20729     0.00000     0.00000
   -19.19829     0.00000     0.00000
   -19.18829     0.00000     0.00000
   -19.17929     0.00000     0.00000
   -19.16929     0.00000     0.00000
   -19.15929     0.00000     0.00000
   -19.15029     0.00000     0.00000
   -19.14029     0.00000     0.00000
   -19.13129     0.00000     0.00000
   -19.12129     0.00000     0.00000
   -19.11129     0.00000     0.00000
   -19.10229     0.00000     0.00000
   -19.09229     0.00000     0.00000
   -19.08329     0.00000     0.00000
   -19.07329     0.00000     0.00000
   -19.06329     0.00000     0.00000
   -19.05429     0.00000     0.00000
   -19.04429     0.00000     0.00000
   -19.03529     0.00000     0.00000
   -19.02529     0.00000     0.00000
   -19.01529     0.00000     0.00000
   -19.00629     0.00000     0.00000
   -18.99629     0.00000     0.00000
   -18.98729     0.00000     0.00000
   -18.97729     0.00000     0.00000
   -18.96729     0.00000     0.00000
   -18.95829     0.00000     0.00000
   -18.94829     0.00000     0.00000
   -18.93829     0.00000     0.00000
   -18.92929     0.00000     0.00000
   -18.91929     0.00000     0.00000
   -18.91029     0.00000     0.00000
   -18.90029     0.00000     0.00000
   -18.89029     0.00000     0.00000
   -18.88129     0.00000     0.00000
   -18.87129     0.00000     0.00000
   -18.86229     0.00000     0.00000
   -18.85229     0.00000     0.00000
   -18.84229     0.00000     0.00000
   -18.83329     0.00000     0.00000
   -18.82329     0.00000     0.00000
   -18.81429     0.00000     0.00000
   -18.80429     0.00000     0.00000
   -18.79429     0.00000     0.00000
   -18.78529     0.00000     0.00000
   -18.77529     0.00000     0.00000
   -18.76629     0.00000     0.00000
   -18.75629     0.00000     0.00000
   -18.74629     0.00000     0.00000
   -18.73729     0.00000     0.00000
   -18.72729     0.00000     0.00000
   -18.71829     0.00000     0.00000
   -18.70829     0.00000     0.00000
   -18.69829     0.00000     0.00000
   -18.68929     0.00000     0.00000
   -18.67929     0.00000     0.00000
   -18.67029     0.00000     0.00000
   -18.66029     0.00000     0.00000
   -18.65029     0.00000     0.00000
   -18.64129     0.00000     0.00000
   -18.63129     0.00000     0.00000
   -18.62229     0.00000     0.00000
   -18.61229     0.00000     0.00000
   -18.60229     0.00000     0.00000
   -18.59329     0.00000     0.00000
   -18.58329     0.00000     0.00000
   -18.57429     0.00000     0.00000
   -18.56429     0.00000     0.00000
   -18.55429     0.00000     0.00000
   -18.54529     0.00000     0.00000
   -18.53529     0.00000     0.00000
   -18.52629     0.00000     0.00000
   -18.51629     0.00000     0.00000
   -18.50629     0.00000     0.00000
   -18.49729     0.00000     0.00000
   -18.48729     0.00000     0.00000
   -18.47829     0.00000     0.00000
   -18.46829     0.00000     0.00000
   -18.45829     0.00000     0.00000
   -18.44929     0.00000     0.00000
   -18.43929     0.00000     0.00000
   -18.42929     0.00000     0.00000
   -18.42029     0.00000     0.00000
   -18.41029     0.00000     0.00000
   -18.40129     0.00000     0.00000
   -18.39129     0.00000     0.00000
   -18.38129     0.00000     0.00000
   -18.37229     0.00000     0.00000
   -18.36229     0.00000     0.00000
   -18.35329     0.00000     0.00000
   -18.34329     0.00000     0.00000
   -18.33329     0.00000     0.00000
   -18.32429     0.00000     0.00000
   -18.31429     0.00000     0.00000
   -18.30529     0.00000     0.00000
   -18.29529     0.00000     0.00000
   -18.28529     0.00000     0.00000
   -18.27629     0.00000     0.00000
   -18.26629     0.00000     0.00000
   -18.25729     0.00000     0.00000
   -18.24729     0.00000     0.00000
   -18.23729     0.00000     0.00000
   -18.22829     0.00000     0.00000
   -18.21829     0.00000     0.00000
   -18.20929     0.00000     0.00000
   -18.19929     0.00000     0.00000
   -18.18929     0.00000     0.00000
   -18.18029     0.00000     0.00000
   -18.17029     0.00000     0.00000
   -18.16129     0.00000     0.00000
   -18.15129     0.00000     0.00000
   -18.14129     0.00000     0.00000
   -18.13229     0.00000     0.00000
   -18.12229     0.00000     0.00000
   -18.11329     0.00000     0.00000
   -18.10329     0.00000     0.00000
   -18.09329     0.00000     0.00000
   -18.08429     0.00000     0.00000
   -18.07429     0.00000     0.00000
   -18.06529     0.00000     0.00000
   -18.05529     0.00000     0.00000
   -18.04529     0.00000     0.00000
   -18.03629     0.00000     0.00000
   -18.02629     0.00000     0.00000
   -18.01729     0.00000     0.00000
   -18.00729     0.00000     0.00000
   -17.99729     0.00000     0.00000
   -17.98829     0.00000     0.00000
   -17.97829     0.00000     0.00000
   -17.96929     0.00000     0.00000
   -17.95929     0.00000     0.00000
   -17.94929     0.00000     0.00000
   -17.94029     0.00000     0.00000
   -17.93029     0.00000     0.00000
   -17.92029     0.00000     0.00000
   -17.91129     0.00000     0.00000
   -17.90129     0.00000     0.00000
   -17.89229     0.00000     0.00000
   -17.88229     0.00000     0.00000
   -17.87229     0.00000     0.00000
   -17.86329     0.00000     0.00000
   -17.85329     0.00000     0.00000
   -17.84429     0.00000     0.00000
   -17.83429     0.00000     0.00000
   -17.82429     0.00000     0.00000
   -17.81529     0.00000     0.00000
   -17.80529     0.00000     0.00000
   -17.79629     0.00000     0.00000
   -17.78629     0.00000     0.00000
   -17.77629     0.00000     0.00000
   -17.76729     0.00000     0.00000
   -17.75729     0.00000     0.00000
   -17.74829     0.00000     0.00000
   -17.73829     0.00000     0.00000
   -17.72829     0.00000     0.00000
   -17.71929     0.00000     0.00000
   -17.70929     0.00000     0.00000
   -17.70029     0.00000     0.00000
   -17.69029     0.00000     0.00000
   -17.68029     0.00000     0.00000
   -17.67129     0.00000     0.00000
   -17.66129     0.00000     0.00000
   -17.65229     0.00000     0.00000
   -17.64229     0.00000     0.00000
   -17.63229     0.00000     0.00000
   -17.62329     0.00000     0.00000
   -17.61329     0.00000     0.00000
   -17.60429     0.00000     0.00000
   -17.59429     0.00000     0.00000
   -17.58429     0.00000     0.00000
   -17.57529     0.00000     0.00000
   -17.56529     0.00000     0.00000
   -17.55629     0.00000     0.00000
   -17.54629     0.00000     0.00000
   -17.53629     0.00000     0.00000
   -17.52729     0.00000     0.00000
   -17.51729     0.00000     0.00000
   -17.50829     0.00000     0.00000
   -17.49829     0.00000     0.00000
   -17.48829     0.00000     0.00000
   -17.47929     0.00000     0.00000
   -17.46929     0.00000     0.00000
   -17.46029     0.00000     0.00000
   -17.45029     0.00000     0.00000
   -17.44029     0.00000     0.00000
   -17.43129     0.00000     0.00000
   -17.42129     0.00000     0.00000
   -17.41129     0.00000     0.00000
   -17.40229     0.00000     0.00000
   -17.39229     0.00000     0.00000
   -17.38329     0.00000     0.00000
   -17.37329     0.00000     0.00000
   -17.36329     0.00000     0.00000
   -17.35429     0.00000     0.00000
   -17.34429     0.00000     0.00000
   -17.33529     0.00000     0.00000
   -17.32529     0.00000     0.00000
   -17.31529     0.00000     0.00000
   -17.30629     0.00000     0.00000
   -17.29629     0.00000     0.00000
   -17.28729     0.00000     0.00000
   -17.27729     0.00000     0.00000
   -17.26729     0.00000     0.00000
   -17.25829     0.00000     0.00000
   -17.24829     0.00000     0.00000
   -17.23929     0.00000     0.00000
   -17.22929     0.00000     0.00000
   -17.21929     0.00000     0.00000
   -17.21029     0.00000     0.00000
   -17.20029     0.00000     0.00000
   -17.19129     0.00000     0.00000
   -17.18129     0.00000     0.00000
   -17.17129     0.00000     0.00000
   -17.16229     0.00000     0.00000
   -17.15229     0.00000     0.00000
   -17.14329     0.00000     0.00000
   -17.13329     0.00000     0.00000
   -17.12329     0.00000     0.00000
   -17.11429     0.00000     0.00000
   -17.10429     0.00000     0.00000
   -17.09529     0.00000     0.00000
   -17.08529     0.00000     0.00000
   -17.07529     0.00000     0.00000
   -17.06629     0.00000     0.00000
   -17.05629     0.00000     0.00000
   -17.04729     0.00000     0.00000
   -17.03729     0.00000     0.00000
   -17.02729     0.00000     0.00000
   -17.01829     0.00000     0.00000
   -17.00829     0.00000     0.00000
   -16.99929     0.00000     0.00000
   -16.98929     0.00000     0.00000
   -16.97929     0.00000     0.00000
   -16.97029     0.00000     0.00000
   -16.96029     0.00000     0.00000
   -16.95029     0.00000     0.00000
   -16.94129     0.00000     0.00000
   -16.93129     0.00000     0.00000
   -16.92229     0.00000     0.00000
   -16.91229     0.00000     0.00000
   -16.90229     0.00000     0.00000
   -16.89329     0.00000     0.00000
   -16.88329     0.00000     0.00000
   -16.87429     0.00000     0.00000
   -16.86429     0.00000     0.00000
   -16.85429     0.00000     0.00000
   -16.84529     0.00000     0.00000
   -16.83529     0.00000     0.00000
   -16.82629     0.00000     0.00000
   -16.81629     0.00000     0.00000
   -16.80629     0.00000     0.00000
   -16.79729     0.00000     0.00000
   -16.78729     0.00000     0.00000
   -16.77829     0.00000     0.00000
   -16.76829     0.00000     0.00000
   -16.75829     0.00000     0.00000
   -16.74929     0.00000     0.00000
   -16.73929     0.00000     0.00000
   -16.73029     0.00000     0.00000
   -16.72029     0.00000     0.00000
   -16.71029     0.00000     0.00000
   -16.70129     0.00000     0.00000
   -16.69129     0.00000     0.00000
   -16.68229     0.00000     0.00000
   -16.67229     0.00000     0.00000
   -16.66229     0.00000     0.00000
   -16.65329     0.00000     0.00000
   -16.64329     0.00000     0.00000
   -16.63429     0.00000     0.00000
   -16.62429     0.00000     0.00000
   -16.61429     0.00000     0.00000
   -16.60529     0.00000     0.00000
   -16.59529     0.00000     0.00000
   -16.58629     0.00000     0.00000
   -16.57629     0.00000     0.00000
   -16.56629     0.00000     0.00000
   -16.55729     0.00000     0.00000
   -16.54729     0.00000     0.00000
   -16.53829     0.00000     0.00000
   -16.52829     0.00000     0.00000
   -16.51829     0.00000     0.00000
   -16.50929     0.00000     0.00000
   -16.49929     0.00000     0.00000
   -16.49029     0.00000     0.00000
   -16.48029     0.00000     0.00000
   -16.47029     0.00000     0.00000
   -16.46129     0.00000     0.00000
   -16.45129     0.00000     0.00000
   -16.44129     0.00000     0.00000
   -16.43229     0.00000     0.00000
   -16.42229     0.00000     0.00000
   -16.41329     0.00000     0.00000
   -16.40329     0.00000     0.00000
   -16.39329     0.00000     0.00000
   -16.38429     0.00000     0.00000
   -16.37429     0.00000     0.00000
   -16.36529     0.00000     0.00000
   -16.35529     0.00000     0.00000
   -16.34529     0.00000     0.00000
   -16.33629     0.00000     0.00000
   -16.32629     0.00000     0.00000
   -16.31729     0.00000     0.00000
   -16.30729     0.00000     0.00000
   -16.29729     0.00000     0.00000
   -16.28829     0.00000     0.00000
   -16.27829     0.00000     0.00000
   -16.26929     0.00000     0.00000
   -16.25929     0.00000     0.00000
   -16.24929     0.00000     0.00000
   -16.24029     0.00000     0.00000
   -16.23029     0.00000     0.00000
   -16.22129     0.00000     0.00000
   -16.21129     0.00000     0.00000
   -16.20129     0.00000     0.00000
   -16.19229     0.00000     0.00000
   -16.18229     0.00000     0.00000
   -16.17329     0.00000     0.00000
   -16.16329     0.00000     0.00000
   -16.15329     0.00000     0.00000
   -16.14429     0.00000     0.00000
   -16.13429     0.00000     0.00000
   -16.12529     0.00000     0.00000
   -16.11529     0.00000     0.00000
   -16.10529     0.00000     0.00000
   -16.09629     0.00000     0.00000
   -16.08629     0.00000     0.00000
   -16.07729     0.00000     0.00000
   -16.06729     0.00000     0.00000
   -16.05729     0.00000     0.00000
   -16.04829     0.00000     0.00000
   -16.03829     0.00000     0.00000
   -16.02929     0.00000     0.00000
   -16.01929     0.00000     0.00000
   -16.00929     0.00000     0.00000
   -16.00029     0.00000     0.00000
   -15.99029     0.00000     0.00000
   -15.98129     0.00000     0.00000
   -15.97129     0.00000     0.00000
   -15.96129     0.00000     0.00000
   -15.95229     0.00000     0.00000
   -15.94229     0.00000     0.00000
   -15.93229     0.00000     0.00000
   -15.92329     0.00000     0.00000
   -15.91329     0.00000     0.00000
   -15.90429     0.00000     0.00000
   -15.89429     0.00000     0.00000
   -15.88429     0.00000     0.00000
   -15.87529     0.00000     0.00000
   -15.86529     0.00000     0.00000
   -15.85629     0.00000     0.00000
   -15.84629     0.00000     0.00000
   -15.83629     0.00000     0.00000
   -15.82729     0.00000     0.00000
   -15.81729     0.00000     0.00000
   -15.80829     0.00000     0.00000
   -15.79829     0.00000     0.00000
   -15.78829     0.00000     0.00000
   -15.77929     0.00000     0.00000
   -15.76929     0.00000     0.00000
   -15.76029     0.00000     0.00000
   -15.75029     0.00000     0.00000
   -15.74029     0.00000     0.00000
   -15.73129     0.00000     0.00000
   -15.72129     0.00000     0.00000
   -15.71229     0.00000     0.00000
   -15.70229     0.00000     0.00000
   -15.69229     0.00000     0.00000
   -15.68329     0.00000     0.00000
   -15.67329     0.00000     0.00000
   -15.66429     0.00000     0.00000
   -15.65429     0.00000     0.00000
   -15.64429     0.00000     0.00000
   -15.63529     0.00000     0.00000
   -15.62529     0.00000     0.00000
   -15.61629     0.00000     0.00000
   -15.60629     0.00000     0.00000
   -15.59629     0.00000     0.00000
   -15.58729     0.00000     0.00000
   -15.57729     0.00000     0.00000
   -15.56829     0.00000     0.00000
   -15.55829     0.00000     0.00000
   -15.54829     0.00000     0.00000
   -15.53929     0.00000     0.00000
   -15.52929     0.00000     0.00000
   -15.52029     0.00000     0.00000
   -15.51029     0.00000     0.00000
   -15.50029     0.00000     0.00000
   -15.49129     0.00000     0.00000
   -15.48129     0.00000     0.00000
   -15.47229     0.00000     0.00000
   -15.46229     0.00000     0.00000
   -15.45229     0.00000     0.00000
   -15.44329     0.00000     0.00000
   -15.43329     0.00000     0.00000
   -15.42329     0.00000     0.00000
   -15.41429     0.00000     0.00000
   -15.40429     0.00000     0.00000
   -15.39529     0.00000     0.00000
   -15.38529     0.00000     0.00000
   -15.37529     0.00000     0.00000
   -15.36629     0.00000     0.00000
   -15.35629     0.00000     0.00000
   -15.34729     0.00000     0.00000
   -15.33729     0.00000     0.00000
   -15.32729     0.00000     0.00000
   -15.31829     0.00000     0.00000
   -15.30829     0.00000     0.00000
   -15.29929     0.00000     0.00000
   -15.28929     0.00000     0.00000
   -15.27929     0.00000     0.00000
   -15.27029     0.00000     0.00000
   -15.26029     0.00000     0.00000
   -15.25129     0.00000     0.00000
   -15.24129     0.00000     0.00000
   -15.23129     0.00000     0.00000
   -15.22229     0.00000     0.00000
   -15.21229     0.00000     0.00000
   -15.20329     0.00000     0.00000
   -15.19329     0.00000     0.00000
   -15.18329     0.00000     0.00000
   -15.17429     0.00000     0.00000
   -15.16429     0.00000     0.00000
   -15.15529     0.00000     0.00000
   -15.14529     0.00000     0.00000
   -15.13529     0.00000     0.00000
   -15.12629     0.00000     0.00000
   -15.11629     0.00000     0.00000
   -15.10729     0.00000     0.00000
   -15.09729     0.00000     0.00000
   -15.08729     0.00000     0.00000
   -15.07829     0.00000     0.00000
   -15.06829     0.00000     0.00000
   -15.05929     0.00000     0.00000
   -15.04929     0.00000     0.00000
   -15.03929     0.00000     0.00000
   -15.03029     0.00000     0.00000
   -15.02029     0.00000     0.00000
   -15.01129     0.00000     0.00000
   -15.00129     0.00000     0.00000
   -14.99129     0.00000     0.00000
   -14.98229     0.00000     0.00000
   -14.97229     0.00000     0.00000
   -14.96329     0.00000     0.00000
   -14.95329     0.00000     0.00000
   -14.94329     0.00000     0.00000
   -14.93429     0.00000     0.00000
   -14.92429     0.00000     0.00000
   -14.91429     0.00000     0.00000
   -14.90529     0.00000     0.00000
   -14.89529     0.00000     0.00000
   -14.88629     0.00000     0.00000
   -14.87629     0.00000     0.00000
   -14.86629     0.00000     0.00000
   -14.85729     0.00000     0.00000
   -14.84729     0.00000     0.00000
   -14.83829     0.00000     0.00000
   -14.82829     0.00000     0.00000
   -14.81829     0.00000     0.00000
   -14.80929     0.00000     0.00000
   -14.79929     0.00000     0.00000
   -14.79029     0.00000     0.00000
   -14.78029     0.00000     0.00000
   -14.77029     0.00000     0.00000
   -14.76129     0.00000     0.00000
   -14.75129     0.00000     0.00000
   -14.74229     0.00000     0.00000
   -14.73229     0.00000     0.00000
   -14.72229     0.00000     0.00000
   -14.71329     0.00000     0.00000
   -14.70329     0.00000     0.00000
   -14.69429     0.00000     0.00000
   -14.68429     0.00000     0.00000
   -14.67429     0.00000     0.00000
   -14.66529     0.00000     0.00000
   -14.65529     0.00000     0.00000
   -14.64629     0.00000     0.00000
   -14.63629     0.00000     0.00000
   -14.62629     0.00000     0.00000
   -14.61729     0.00000     0.00000
   -14.60729     0.00000     0.00000
   -14.59829     0.00000     0.00000
   -14.58829     0.00000     0.00000
   -14.57829     0.00000     0.00000
   -14.56929     0.00000     0.00000
   -14.55929     0.00000     0.00000
   -14.55029     0.00000     0.00000
   -14.54029     0.00000     0.00000
   -14.53029     0.00000     0.00000
   -14.52129     0.00000     0.00000
   -14.51129     0.00000     0.00000
   -14.50229     0.00000     0.00000
   -14.49229     0.00000     0.00000
   -14.48229     0.00000     0.00000
   -14.47329     0.00000     0.00000
   -14.46329     0.00000     0.00000
   -14.45329     0.00000     0.00000
   -14.44429     0.00000     0.00000
   -14.43429     0.00000     0.00000
   -14.42529     0.00000     0.00000
   -14.41529     0.00000     0.00000
   -14.40529     0.00000     0.00000
   -14.39629     0.00000     0.00000
   -14.38629     0.00000     0.00000
   -14.37729     0.00000     0.00000
   -14.36729     0.00000     0.00000
   -14.35729     0.00000     0.00000
   -14.34829     0.00000     0.00000
   -14.33829     0.00000     0.00000
   -14.32929     0.00000     0.00000
   -14.31929     0.00000     0.00000
   -14.30929     0.00000     0.00000
   -14.30029     0.00000     0.00000
   -14.29029     0.00000     0.00000
   -14.28129     0.00000     0.00000
   -14.27129     0.00000     0.00000
   -14.26129     0.00000     0.00000
   -14.25229     0.00000     0.00000
   -14.24229     0.00000     0.00000
   -14.23329     0.00000     0.00000
   -14.22329     0.00000     0.00000
   -14.21329     0.00000     0.00000
   -14.20429     0.00000     0.00000
   -14.19429     0.00000     0.00000
   -14.18529     0.00000     0.00000
   -14.17529     0.00000     0.00000
   -14.16529     0.00000     0.00000
   -14.15629     0.00000     0.00000
   -14.14629     0.00000     0.00000
   -14.13729     0.00000     0.00000
   -14.12729     0.00000     0.00000
   -14.11729     0.00000     0.00000
   -14.10829     0.00000     0.00000
   -14.09829     0.00000     0.00000
   -14.08929     0.00000     0.00000
   -14.07929     0.00000     0.00000
   -14.06929     0.00000     0.00000
   -14.06029     0.00000     0.00000
   -14.05029     0.00000     0.00000
   -14.04129     0.00000     0.00000
   -14.03129     0.00000     0.00000
   -14.02129     0.00000     0.00000
   -14.01229     0.00000     0.00000
   -14.00229     0.00000     0.00000
   -13.99329     0.00000     0.00000
   -13.98329     0.00000     0.00000
   -13.97329     0.00000     0.00000
   -13.96429     0.00000     0.00000
   -13.95429     0.00000     0.00000
   -13.94429     0.00000     0.00000
   -13.93529     0.00000     0.00000
   -13.92529     0.00000     0.00000
   -13.91629     0.00000     0.00000
   -13.90629     0.00000     0.00000
   -13.89629     0.00000     0.00000
   -13.88729     0.00000     0.00000
   -13.87729     0.00000     0.00000
   -13.86829     0.00000     0.00000
   -13.85829     0.00000     0.00000
   -13.84829     0.00000     0.00000
   -13.83929     0.00000     0.00000
   -13.82929     0.00000     0.00000
   -13.82029     0.00000     0.00000
   -13.81029     0.00000     0.00000
   -13.80029     0.00000     0.00000
   -13.79129     0.00000     0.00000
   -13.78129     0.00000     0.00000
   -13.77229     0.00000     0.00000
   -13.76229     0.00000     0.00000
   -13.75229     0.00000     0.00000
   -13.74329     0.00000     0.00000
   -13.73329     0.00000     0.00000
   -13.72429     0.00000     0.00000
   -13.71429     0.00000     0.00000
   -13.70429     0.00000     0.00000
   -13.69529     0.00000     0.00000
   -13.68529     0.00000     0.00000
   -13.67629     0.00000     0.00000
   -13.66629     0.00000     0.00000
   -13.65629     0.00000     0.00000
   -13.64729     0.00000     0.00000
   -13.63729     0.00000     0.00000
   -13.62829     0.00000     0.00000
   -13.61829     0.00000     0.00000
   -13.60829     0.00000     0.00000
   -13.59929     0.00000     0.00000
   -13.58929     0.00000     0.00000
   -13.58029     0.00000     0.00000
   -13.57029     0.00000     0.00000
   -13.56029     0.00000     0.00000
   -13.55129     0.00000     0.00000
   -13.54129     0.00000     0.00000
   -13.53229     0.00000     0.00000
   -13.52229     0.00000     0.00000
   -13.51229     0.00000     0.00000
   -13.50329     0.00000     0.00000
   -13.49329     0.00000     0.00000
   -13.48429     0.00000     0.00000
   -13.47429     0.00000     0.00000
   -13.46429     0.00000     0.00000
   -13.45529     0.00000     0.00000
   -13.44529     0.00013     0.00034
   -13.43529     0.00085     0.00227
   -13.42629     0.00223     0.00594
   -13.41629     0.00425     0.01132
   -13.40729     0.00693     0.01843
   -13.39729     0.01024     0.02726
   -13.38729     0.01421     0.03781
   -13.37829     0.01882     0.05009
   -13.36829     0.02408     0.06410
   -13.35929     0.02999     0.07982
   -13.34929     0.03655     0.09727
   -13.33929     0.04376     0.11644
   -13.33029     0.05161     0.13734
   -13.32029     0.06011     0.15996
   -13.31129     0.06926     0.18429
   -13.30129     0.07892     0.21007
   -13.29129     0.08848     0.23564
   -13.28229     0.10094     0.26902
   -13.27229     0.11498     0.30660
   -13.26329     0.12814     0.34186
   -13.25329     0.14042     0.37484
   -13.24329     0.15182     0.40546
   -13.23429     0.16235     0.43375
   -13.22429     0.17200     0.45975
   -13.21529     0.18077     0.48347
   -13.20529     0.18867     0.50482
   -13.19529     0.19569     0.52385
   -13.18629     0.20182     0.54060
   -13.17629     0.20710     0.55503
   -13.16729     0.21150     0.56711
   -13.15729     0.21509     0.57707
   -13.14729     0.21807     0.58539
   -13.13829     0.21594     0.58069
   -13.12829     0.21125     0.56860
   -13.11929     0.20686     0.55726
   -13.10929     0.20278     0.54681
   -13.09929     0.19901     0.53711
   -13.09029     0.19556     0.52825
   -13.08029     0.19239     0.52016
   -13.07129     0.18952     0.51290
   -13.06129     0.18695     0.50644
   -13.05129     0.18467     0.50079
   -13.04229     0.18272     0.49596
   -13.03229     0.18106     0.49192
   -13.02329     0.17970     0.48872
   -13.01329     0.17865     0.48628
   -13.00329     0.17791     0.48468
   -12.99429     0.17974     0.49005
   -12.98429     0.18168     0.49567
   -12.97529     0.18362     0.50128
   -12.96529     0.18557     0.50692
   -12.95529     0.18753     0.51255
   -12.94629     0.18945     0.51817
   -12.93629     0.19141     0.52378
   -12.92629     0.19338     0.52946
   -12.91729     0.19528     0.53515
   -12.90729     0.19726     0.54076
   -12.89829     0.19919     0.54647
   -12.88829     0.20115     0.55212
   -12.87829     0.20311     0.55776
   -12.86929     0.20520     0.56389
   -12.85929     0.20752     0.57062
   -12.85029     0.21007     0.57797
   -12.84029     0.21283     0.58600
   -12.83029     0.21586     0.59460
   -12.82129     0.21909     0.60388
   -12.81129     0.22256     0.61380
   -12.80229     0.22623     0.62433
   -12.79229     0.23499     0.64864
   -12.78229     0.24529     0.67715
   -12.77329     0.25603     0.70688
   -12.76329     0.26718     0.73779
   -12.75429     0.27879     0.76992
   -12.74429     0.29081     0.80328
   -12.73429     0.30587     0.84520
   -12.72529     0.32158     0.88915
   -12.71529     0.35385     0.97878
   -12.70629     0.39242     1.08576
   -12.69629     0.43042     1.19111
   -12.68629     0.46781     1.29476
   -12.67729     0.50462     1.39676
   -12.66729     0.54081     1.49707
   -12.65829     0.56375     1.56185
   -12.64829     0.55937     1.55108
   -12.63829     0.55449     1.53892
   -12.62929     0.54909     1.52539
   -12.61929     0.54321     1.51040
   -12.61029     0.53680     1.49401
   -12.60029     0.52993     1.47621
   -12.59029     0.52253     1.45700
   -12.58129     0.58544     1.63664
   -12.57129     0.53259     1.49062
   -12.56229     0.48099     1.34805
   -12.55229     0.43057     1.20892
   -12.54229     0.38141     1.07327
   -12.53329     0.33340     0.94106
   -12.52329     0.29790     0.84323
   -12.51429     0.29195     0.82685
   -12.50429     0.28588     0.81004
   -12.49429     0.27970     0.79281
   -12.48529     0.27339     0.77522
   -12.47529     0.26695     0.75725
   -12.46629     0.26037     0.73886
   -12.45629     0.25363     0.72003
   -12.44629     0.24680     0.70084
   -12.43729     0.23981     0.68124
   -12.42729     0.23271     0.66124
   -12.41729     0.22544     0.64086
   -12.40829     0.21806     0.62004
   -12.39829     0.21055     0.59886
   -12.38929     0.20292     0.57725
   -12.37929     0.19515     0.55527
   -12.36929     0.18724     0.53284
   -12.36029     0.17920     0.51009
   -12.35029     0.17104     0.48688
   -12.34129     0.16290     0.46377
   -12.33129     0.15543     0.44262
   -12.32129     0.14870     0.42368
   -12.31229     0.14270     0.40689
   -12.30229     0.13744     0.39225
   -12.29329     0.13291     0.37980
   -12.28329     0.12911     0.36949
   -12.27329     0.12604     0.36135
   -12.26429     0.12371     0.35538
   -12.25429     0.12396     0.35695
   -12.24529     0.13854     0.39999
   -12.23529     0.15585     0.45109
   -12.22529     0.18461     0.53624
   -12.21629     0.23396     0.68248
   -12.20629     0.28507     0.83396
   -12.19729     0.33800     0.99063
   -12.18729     0.39058     1.14658
   -12.17729     0.44412     1.30522
   -12.16829     0.49960     1.46979
   -12.15829     0.55710     1.64024
   -12.14929     0.56362     1.66090
   -12.13929     0.54044     1.59473
   -12.12929     0.54649     1.61403
   -12.12029     0.55182     1.63143
   -12.11029     0.55654     1.64684
   -12.10129     0.56060     1.66031
   -12.09129     0.56406     1.67185
   -12.08129     0.56684     1.68141
   -12.07229     0.56897     1.68903
   -12.06229     0.57242     1.70055
   -12.05329     0.57871     1.72065
   -12.04329     0.65299     1.94218
   -12.03329     0.65245     1.94192
   -12.02429     0.65139     1.93969
   -12.01429     0.64980     1.93548
   -12.00529     0.64764     1.92927
   -11.99529     0.64479     1.92057
   -11.98529     0.63576     1.89359
   -11.97629     0.61605     1.83492
   -11.96629     0.58550     1.74452
   -11.95729     0.54456     1.62327
   -11.94729     0.52170     1.55608
   -11.93729     0.50047     1.49373
   -11.92829     0.48034     1.43462
   -11.91829     0.46130     1.37879
   -11.90829     0.44338     1.32620
   -11.89929     0.42653     1.27693
   -11.88929     0.41080     1.23088
   -11.88029     0.39624     1.18833
   -11.87029     0.38879     1.16644
   -11.86029     0.38807     1.16377
   -11.85129     0.38846     1.16423
   -11.84129     0.38733     1.16034
   -11.83229     0.38463     1.15203
   -11.82229     0.38044     1.13938
   -11.81229     0.37473     1.12226
   -11.80329     0.36744     1.10080
   -11.79329     0.35734     1.07085
   -11.78429     0.33054     0.98978
   -11.77429     0.31290     0.93727
   -11.76429     0.29586     0.88648
   -11.75529     0.27936     0.83725
   -11.74529     0.26341     0.78972
   -11.73629     0.24799     0.74386
   -11.72629     0.23319     0.69970
   -11.71629     0.21923     0.65805
   -11.70729     0.20625     0.61926
   -11.69729     0.19425     0.58330
   -11.68829     0.18322     0.55026
   -11.67829     0.17317     0.52001
   -11.66829     0.16410     0.49261
   -11.65929     0.15600     0.46807
   -11.64929     0.14889     0.44635
   -11.64029     0.14183     0.42482
   -11.63029     0.13313     0.39830
   -11.62029     0.12991     0.38793
   -11.61129     0.12805     0.38161
   -11.60129     0.12757     0.37936
   -11.59229     0.12845     0.38115
   -11.58229     0.13197     0.39044
   -11.57229     0.14656     0.43048
   -11.56329     0.16217     0.47348
   -11.55329     0.17879     0.51949
   -11.54429     0.19634     0.56825
   -11.53429     0.21455     0.61894
   -11.52429     0.23339     0.67152
   -11.51529     0.25289     0.72603
   -11.50529     0.27302     0.78239
   -11.49629     0.29382     0.84061
   -11.48629     0.31524     0.90077
   -11.47629     0.33732     0.96281
   -11.46729     0.36003     1.02671
   -11.45729     0.38375     1.09349
   -11.44729     0.41142     1.17158
   -11.43829     0.44856     1.27690
   -11.42829     0.50068     1.42522
   -11.41929     0.59683     1.70120
   -11.40929     0.62625     1.78690
   -11.39929     0.64679     1.84770
   -11.39029     0.65834     1.88367
   -11.38029     0.66095     1.89475
   -11.37129     0.65467     1.88093
   -11.36129     0.63944     1.84223
   -11.35129     0.61526     1.77869
   -11.34229     0.58439     1.69743
   -11.33229     0.56911     1.66072
   -11.32329     0.57494     1.68284
   -11.31329     0.58315     1.71069
   -11.30329     0.59050     1.73566
   -11.29429     0.59701     1.75781
   -11.28429     0.60269     1.77710
   -11.27529     0.60710     1.79240
   -11.26529     0.61002     1.80300
   -11.25529     0.61227     1.81161
   -11.24629     0.61417     1.81915
   -11.23629     0.61590     1.82624
   -11.22729     0.61737     1.83255
   -11.21729     0.61845     1.83788
   -11.20729     0.61930     1.84227
   -11.19829     0.61948     1.84484
   -11.18829     0.61873     1.84434
   -11.17929     0.61600     1.83796
   -11.16929     0.61160     1.82638
   -11.15929     0.60662     1.81274
   -11.15029     0.60109     1.79721
   -11.14029     0.59506     1.77984
   -11.13129     0.58800     1.75900
   -11.12129     0.58015     1.73578
   -11.11129     0.57229     1.71229
   -11.10229     0.56439     1.68864
   -11.09229     0.56240     1.68107
   -11.08329     0.57392     1.71045
   -11.07329     0.58513     1.73946
   -11.06329     0.59612     1.76809
   -11.05429     0.54810     1.60556
   -11.04429     0.56037     1.63888
   -11.03529     0.57246     1.67210
   -11.02529     0.58433     1.70522
   -11.01529     0.59600     1.73815
   -11.00629     0.60748     1.77102
   -10.99629     0.69647     2.03697
   -10.98729     0.70604     2.06848
   -10.97729     0.68196     1.99874
   -10.96729     0.65782     1.92829
   -10.95829     0.63361     1.85713
   -10.94829     0.62271     1.82532
   -10.93829     0.63201     1.85284
   -10.92929     0.64589     1.89266
   -10.91929     0.66257     1.93974
   -10.91029     0.66721     1.95089
   -10.90029     0.65097     1.90065
   -10.89029     0.65789     1.92025
   -10.88129     0.66575     1.94271
   -10.87129     0.67459     1.96796
   -10.86229     0.68435     1.99596
   -10.85229     0.69332     2.02155
   -10.84229     0.69830     2.03518
   -10.83329     0.69899     2.03609
   -10.82329     0.69538     2.02418
   -10.81429     0.68888     2.00332
   -10.80429     0.67920     1.97330
   -10.79429     0.66653     1.93448
   -10.78529     0.61915     1.79792
   -10.77529     0.50136     1.46369
   -10.76629     0.46669     1.36514
   -10.75629     0.43949     1.28923
   -10.74629     0.41589     1.22370
   -10.73729     0.39543     1.16707
   -10.72729     0.37807     1.11929
   -10.71829     0.36546     1.08562
   -10.70829     0.35647     1.06223
   -10.69829     0.35033     1.04712
   -10.68929     0.34808     1.04319
   -10.67929     0.36820     1.10592
   -10.67029     0.39487     1.18826
   -10.66029     0.42677     1.28648
   -10.65029     0.46326     1.39857
   -10.64129     0.49014     1.48019
   -10.63129     0.49944     1.50650
   -10.62229     0.50940     1.53508
   -10.61229     0.52096     1.56844
   -10.60229     0.53407     1.60642
   -10.59329     0.54249     1.63012
   -10.58329     0.54065     1.62304
   -10.57429     0.53306     1.59850
   -10.56429     0.52009     1.55774
   -10.55429     0.50179     1.50088
   -10.54529     0.48178     1.43855
   -10.53529     0.46476     1.38564
   -10.52629     0.45147     1.34468
   -10.51629     0.44760     1.33194
   -10.50629     0.45745     1.35947
   -10.49729     0.46940     1.39317
   -10.48729     0.48342     1.43291
   -10.47829     0.49950     1.47875
   -10.46829     0.51763     1.53076
   -10.45829     0.52869     1.56042
   -10.44929     0.52881     1.55385
   -10.43929     0.54857     1.60705
   -10.42929     0.56835     1.66127
   -10.42029     0.58808     1.71628
   -10.41029     0.60627     1.76679
   -10.40129     0.62442     1.81692
   -10.39129     0.64001     1.85996
   -10.38129     0.65997     1.91594
   -10.37229     0.68486     1.98659
   -10.36229     0.71073     2.06098
   -10.35329     0.73756     2.13953
   -10.34329     0.76100     2.20916
   -10.33329     0.77970     2.26524
   -10.32429     0.79332     2.30702
   -10.31429     0.80142     2.33282
   -10.30529     0.80390     2.34273
   -10.29529     0.80062     2.33613
   -10.28529     0.79147     2.31259
   -10.27629     0.77517     2.26820
   -10.26629     0.72854     2.13121
   -10.25729     0.67804     1.98149
   -10.24729     0.63534     1.85512
   -10.23729     0.60035     1.75163
   -10.22829     0.57301     1.67099
   -10.21829     0.56460     1.64557
   -10.20929     0.56972     1.65935
   -10.19929     0.56161     1.63623
   -10.18929     0.55064     1.60535
   -10.18029     0.54203     1.58121
   -10.17029     0.53431     1.55963
   -10.16129     0.52752     1.54058
   -10.15129     0.52160     1.52411
   -10.14129     0.51659     1.51018
   -10.13229     0.51249     1.49876
   -10.12229     0.50929     1.48993
   -10.11329     0.50700     1.48364
   -10.10329     0.50559     1.47985
   -10.09329     0.50503     1.47854
   -10.08429     0.50520     1.47931
   -10.07429     0.50610     1.48207
   -10.06529     0.50471     1.47704
   -10.05529     0.50620     1.48052
   -10.04529     0.51101     1.49359
   -10.03629     0.51790     1.51205
   -10.02629     0.52694     1.53623
   -10.01729     0.54009     1.57209
   -10.00729     0.55622     1.61683
    -9.99729     0.57936     1.68338
    -9.98829     0.64014     1.86565
    -9.97829     0.67002     1.95350
    -9.96929     0.67256     1.95961
    -9.95929     0.65389     1.90313
    -9.94929     0.62979     1.83204
    -9.94029     0.60959     1.77211
    -9.93029     0.59471     1.72784
    -9.92029     0.58165     1.68843
    -9.91129     0.57056     1.65400
    -9.90129     0.56554     1.63741
    -9.89229     0.57007     1.64876
    -9.88229     0.57561     1.66161
    -9.87229     0.57585     1.65795
    -9.86329     0.57517     1.65181
    -9.85329     0.57401     1.64430
    -9.84429     0.57480     1.64339
    -9.83429     0.61548     1.76317
    -9.82429     0.63549     1.82254
    -9.81529     0.65536     1.88350
    -9.80529     0.67988     1.95948
    -9.79629     0.70546     2.03874
    -9.78629     0.72943     2.11215
    -9.77629     0.75281     2.18164
    -9.76729     0.77938     2.25883
    -9.75729     0.80464     2.33137
    -9.74829     0.82859     2.39932
    -9.73829     0.85117     2.46256
    -9.72829     0.87249     2.52126
    -9.71929     0.89243     2.57525
    -9.70929     0.91120     2.62498
    -9.70029     0.93032     2.67575
    -9.69029     1.00146     2.86982
    -9.68029     1.18548     3.37832
    -9.67129     1.24211     3.54749
    -9.66129     1.13491     3.25561
    -9.65229     1.10512     3.17170
    -9.64229     1.07966     3.09993
    -9.63229     1.20335     3.42973
    -9.62329     1.12822     3.22313
    -9.61329     1.05115     3.01170
    -9.60429     0.97598     2.80630
    -9.59429     0.92264     2.66041
    -9.58429     0.89525     2.58187
    -9.57529     0.86407     2.49194
    -9.56529     0.83395     2.40509
    -9.55629     0.80485     2.32124
    -9.54629     0.77769     2.24301
    -9.53629     0.75250     2.17062
    -9.52729     0.72851     2.10167
    -9.51729     0.70569     2.03615
    -9.50829     0.68448     1.97527
    -9.49829     0.68188     1.96903
    -9.48829     0.67741     1.95701
    -9.47929     0.66307     1.91575
    -9.46929     0.64130     1.85292
    -9.46029     0.61079     1.76515
    -9.45029     0.57429     1.66090
    -9.44029     0.54280     1.57153
    -9.43129     0.51457     1.49137
    -9.42129     0.48960     1.42047
    -9.41129     0.46929     1.36265
    -9.40229     0.45775     1.32934
    -9.39229     0.45011     1.30717
    -9.38329     0.44511     1.29259
    -9.37329     0.44219     1.28387
    -9.36329     0.44043     1.27840
    -9.35429     0.43982     1.27605
    -9.34429     0.43498     1.26038
    -9.33529     0.42657     1.23342
    -9.32529     0.41941     1.21042
    -9.31529     0.41341     1.19106
    -9.30629     0.41339     1.19086
    -9.29629     0.41952     1.20982
    -9.28729     0.42625     1.23069
    -9.27729     0.43251     1.24999
    -9.26729     0.43831     1.26781
    -9.25829     0.44363     1.28416
    -9.24829     0.44870     1.29966
    -9.23929     0.45417     1.31620
    -9.22929     0.46085     1.33611
    -9.21929     0.47272     1.37030
    -9.21029     0.48416     1.40322
    -9.20029     0.49553     1.43576
    -9.19129     0.50702     1.46854
    -9.18129     0.52150     1.50970
    -9.17129     0.53998     1.56228
    -9.16229     0.58342     1.68418
    -9.15229     0.63751     1.83666
    -9.14329     0.74317     2.13593
    -9.13329     0.84879     2.43758
    -9.12329     0.90954     2.62118
    -9.11429     0.99194     2.87293
    -9.10429     1.05128     3.05947
    -9.09529     1.03283     3.01128
    -9.08529     1.02933     3.00452
    -9.07529     1.04145     3.04071
    -9.06629     1.05510     3.08152
    -9.05629     1.07039     3.12712
    -9.04729     1.08732     3.17745
    -9.03729     1.10042     3.22245
    -9.02729     1.07442     3.15209
    -9.01829     0.98206     2.88326
    -9.00829     0.88940     2.61147
    -8.99929     0.81835     2.40457
    -8.98929     0.77451     2.27740
    -8.97929     0.75036     2.20498
    -8.97029     0.72547     2.12970
    -8.96029     0.70579     2.06922
    -8.95029     0.70669     2.06996
    -8.94129     0.70793     2.07151
    -8.93129     0.71114     2.07756
    -8.92229     0.72100     2.10030
    -8.91229     0.73128     2.12421
    -8.90229     0.74202     2.14930
    -8.89329     0.75326     2.17552
    -8.88329     0.76536     2.20412
    -8.87429     0.77940     2.23792
    -8.86429     0.79528     2.27693
    -8.85429     0.80643     2.30303
    -8.84529     0.83970     2.39126
    -8.83529     0.87789     2.49392
    -8.82629     0.91805     2.60277
    -8.81629     0.95822     2.71188
    -8.80629     0.99875     2.82233
    -8.79729     1.04330     2.94601
    -8.78729     1.19602     3.41518
    -8.77829     1.44775     4.19101
    -8.76829     1.29433     3.69077
    -8.75829     1.22133     3.47341
    -8.74929     1.14530     3.24869
    -8.73929     1.06627     3.01672
    -8.73029     0.98419     2.77752
    -8.72029     0.89811     2.52819
    -8.71029     0.82810     2.32475
    -8.70129     0.78826     2.20459
    -8.69129     0.75408     2.10209
    -8.68229     0.72614     2.01900
    -8.67229     0.70442     1.95512
    -8.66229     0.68724     1.90530
    -8.65329     0.66991     1.85519
    -8.64329     0.65202     1.80374
    -8.63429     0.63974     1.76859
    -8.62429     0.63809     1.76445
    -8.61429     0.66772     1.85101
    -8.60529     0.69956     1.94378
    -8.59529     0.73037     2.03306
    -8.58629     0.74571     2.07683
    -8.57629     0.74245     2.06609
    -8.56629     0.73259     2.03615
    -8.55729     0.71607     1.98695
    -8.54729     0.69520     1.92500
    -8.53829     0.67340     1.86061
    -8.52829     0.65410     1.80277
    -8.51829     0.63689     1.75069
    -8.50929     0.62120     1.70283
    -8.49929     0.60908     1.66463
    -8.49029     0.60071     1.63646
    -8.48029     0.60034     1.62976
    -8.47029     0.59769     1.61676
    -8.46129     0.59041     1.59147
    -8.45129     0.59328     1.59448
    -8.44129     0.60850     1.63177
    -8.43229     0.62662     1.67687
    -8.42229     0.64679     1.72739
    -8.41329     0.66884     1.78274
    -8.40329     0.68899     1.83328
    -8.39329     0.70639     1.87705
    -8.38429     0.72695     1.92916
    -8.37429     0.74968     1.98702
    -8.36529     0.77092     2.04119
    -8.35529     0.79035     2.09092
    -8.34529     0.80795     2.13614
    -8.33629     0.82374     2.17684
    -8.32629     0.83874     2.21592
    -8.31729     0.85442     2.25717
    -8.30729     0.87281     2.30613
    -8.29729     0.89456     2.36421
    -8.28829     0.91937     2.43073
    -8.27829     0.92664     2.45175
    -8.26929     0.93378     2.47186
    -8.25929     0.92585     2.45280
    -8.24929     0.91348     2.41884
    -8.24029     0.90753     2.40228
    -8.23029     0.90026     2.38251
    -8.22129     0.89155     2.35910
    -8.21129     0.95762     2.53570
    -8.20129     1.07316     2.84565
    -8.19229     1.20167     3.19073
    -8.18229     1.24558     3.30949
    -8.17329     1.21435     3.22229
    -8.16329     1.18175     3.13267
    -8.15329     1.14476     3.03192
    -8.14429     1.10080     2.91319
    -8.13429     1.04869     2.77336
    -8.12529     0.99079     2.61837
    -8.11529     0.93560     2.46956
    -8.10529     0.89767     2.36748
    -8.09629     0.89224     2.35194
    -8.08629     0.92146     2.42717
    -8.07729     0.94826     2.49573
    -8.06729     0.97129     2.55406
    -8.05729     0.98620     2.59038
    -8.04829     0.99060     2.59809
    -8.03829     0.98852     2.58835
    -8.02929     0.98501     2.57508
    -8.01929     0.98012     2.55829
    -8.00929     0.97381     2.53793
    -8.00029     0.96611     2.51412
    -7.99029     0.95702     2.48678
    -7.98129     0.94651     2.45590
    -7.97129     0.93477     2.42196
    -7.96129     0.92191     2.38523
    -7.95229     0.90796     2.34565
    -7.94229     0.89287     2.30335
    -7.93229     0.87863     2.26276
    -7.92329     0.86550     2.22487
    -7.91329     0.85167     2.18557
    -7.90429     0.83789     2.14635
    -7.89429     0.82405     2.10731
    -7.88429     0.80771     2.06211
    -7.87529     0.78822     2.00887
    -7.86529     0.76559     1.94766
    -7.85629     0.73981     1.87839
    -7.84629     0.72004     1.82218
    -7.83629     0.70183     1.76909
    -7.82729     0.68219     1.71245
    -7.81729     0.66112     1.65224
    -7.80829     0.63868     1.58854
    -7.79829     0.61711     1.52688
    -7.78829     0.59820     1.47144
    -7.77929     0.58556     1.43155
    -7.76929     0.58463     1.42033
    -7.76029     0.62060     1.49564
    -7.75029     0.63096     1.51360
    -7.74029     0.61772     1.47707
    -7.73129     0.59094     1.41184
    -7.72129     0.58440     1.39534
    -7.71229     0.65843     1.57293
    -7.70229     0.74089     1.77091
    -7.69229     0.83176     1.98924
    -7.68329     0.92261     2.20768
    -7.67329     1.01797     2.43267
    -7.66429     1.03436     2.46255
    -7.65429     1.04024     2.46942
    -7.64429     1.04084     2.46376
    -7.63529     1.03614     2.44566
    -7.62529     1.02617     2.41508
    -7.61629     1.01093     2.37205
    -7.60629     0.99311     2.32251
    -7.59629     0.97750     2.27690
    -7.58729     0.95848     2.22300
    -7.57729     0.93610     2.16088
    -7.56829     0.91248     2.09641
    -7.55829     0.90062     2.06413
    -7.54829     0.88809     2.03072
    -7.53929     0.87489     1.99610
    -7.52929     0.86104     1.96025
    -7.52029     0.79719     1.81568
    -7.51029     0.72305     1.65077
    -7.50029     0.68198     1.55871
    -7.49129     0.71460     1.62807
    -7.48129     0.75225     1.70769
    -7.47229     0.79992     1.80847
    -7.46229     0.86118     1.93973
    -7.45229     0.92364     2.07385
    -7.44329     0.96766     2.16653
    -7.43329     1.01588     2.26827
    -7.42329     1.06572     2.37297
    -7.41429     1.11407     2.47327
    -7.40429     1.14231     2.52514
    -7.39529     1.12765     2.48201
    -7.38529     1.09594     2.40111
    -7.37529     1.10373     2.40751
    -7.36629     1.10750     2.40450
    -7.35629     1.10885     2.39571
    -7.34729     1.11079     2.38816
    -7.33729     1.11342     2.38205
    -7.32729     1.11519     2.37445
    -7.31829     1.10866     2.35219
    -7.30829     1.09463     2.31727
    -7.29929     1.07423     2.27210
    -7.28929     1.05778     2.23652
    -7.27929     1.04784     2.21467
    -7.27029     1.04434     2.20625
    -7.26029     1.04532     2.20541
    -7.25129     1.05229     2.21430
    -7.24129     1.05002     2.20282
    -7.23129     1.03488     2.16362
    -7.22229     1.01195     2.10744
    -7.21229     0.99373     2.06265
    -7.20329     0.97824     2.02436
    -7.19329     0.95709     1.97424
    -7.18329     0.94162     1.93711
    -7.17429     0.93617     1.92068
    -7.16429     0.93609     1.91373
    -7.15529     0.94133     1.91622
    -7.14529     0.95186     1.92835
    -7.13529     0.96774     1.94992
    -7.12629     0.96301     1.92899
    -7.11629     0.93357     1.86144
    -7.10729     0.89634     1.78099
    -7.09729     0.85759     1.69917
    -7.08729     0.81950     1.62005
    -7.07829     0.78229     1.54386
    -7.06829     0.78442     1.52793
    -7.05929     0.81308     1.55632
    -7.04929     0.84846     1.60022
    -7.03929     0.84329     1.56586
    -7.03029     0.81948     1.49555
    -7.02029     0.96601     1.79134
    -7.01129     1.01939     1.90520
    -7.00129     1.00495     1.87837
    -6.99129     0.96228     1.79373
    -6.98229     0.91833     1.70660
    -6.97229     0.87311     1.61701
    -6.96329     0.90660     1.67654
    -6.95329     0.99016     1.82504
    -6.94329     1.03806     1.90203
    -6.93429     1.08813     1.98128
    -6.92429     1.14257     2.06700
    -6.91429     1.20139     2.15926
    -6.90529     1.26667     2.26117
    -6.89529     1.34103     2.37743
    -6.88629     1.41899     2.49851
    -6.87629     1.48806     2.60480
    -6.86629     1.54205     2.68810
    -6.85729     1.59030     2.76120
    -6.84729     1.63281     2.82407
    -6.83829     1.66937     2.87678
    -6.82829     1.70540     2.93004
    -6.81829     1.75672     3.01140
    -6.80929     1.99415     3.41753
    -6.79929     1.88397     3.21251
    -6.79029     1.75611     2.97952
    -6.78029     1.61895     2.73198
    -6.77029     1.48490     2.49023
    -6.76129     1.34978     2.24698
    -6.75129     1.20699     1.99260
    -6.74229     1.09248     1.79252
    -6.73229     0.99074     1.61796
    -6.72229     0.87837     1.42654
    -6.71329     0.75536     1.21819
    -6.70329     0.63416     1.01460
    -6.69429     0.54629     0.86769
    -6.68429     0.47587     0.74446
    -6.67429     0.38825     0.59705
    -6.66529     0.18845     0.28763
    -6.65529     0.16945     0.25092
    -6.64629     0.22893     0.33616
    -6.63629     0.30531     0.44613
    -6.62629     0.39152     0.57021
    -6.61729     0.48759     0.70845
    -6.60729     0.59350     0.86079
    -6.59829     0.71110     1.02929
    -6.58829     0.85468     1.23070
    -6.57829     1.01072     1.44955
    -6.56929     1.37937     1.90381
    -6.55929     1.29397     1.78605
    -6.55029     1.11664     1.58107
    -6.54029     1.02650     1.48472
    -6.53029     1.06414     1.53936
    -6.52129     1.09968     1.58840
    -6.51129     1.15190     1.66593
    -6.50229     1.24314     1.81268
    -6.49229     1.51028     2.24973
    -6.48229     1.45712     2.18777
    -6.47329     1.39562     2.10564
    -6.46329     1.34177     2.03741
    -6.45329     1.28972     1.97365
    -6.44429     1.25924     1.94795
    -6.43429     1.20995     1.88455
    -6.42529     1.14647     1.79006
    -6.41529     1.08935     1.70232
    -6.40529     1.03854     1.62126
    -6.39629     1.03594     1.61862
    -6.38629     1.06054     1.66241
    -6.37729     1.08636     1.70799
    -6.36729     1.06864     1.67812
    -6.35729     1.04929     1.64491
    -6.34829     1.05199     1.64872
    -6.33829     1.05508     1.65320
    -6.32929     1.06414     1.66615
    -6.31929     1.08254     1.69283
    -6.30929     1.10413     1.72453
    -6.30029     1.12675     1.75770
    -6.29029     1.14960     1.79101
    -6.28129     1.17135     1.82257
    -6.27129     1.18399     1.84008
    -6.26129     1.19014     1.84746
    -6.25229     1.19408     1.85128
    -6.24229     1.19584     1.85151
    -6.23329     1.19556     1.84841
    -6.22329     1.19504     1.84454
    -6.21329     1.19479     1.84082
    -6.20429     1.19478     1.83715
    -6.19429     1.15391     1.76410
    -6.18529     1.08408     1.64102
    -6.17529     1.09928     1.65887
    -6.16529     1.12653     1.69274
    -6.15629     1.15923     1.73225
    -6.14629     1.20569     1.79008
    -6.13729     1.26570     1.86590
    -6.12729     1.33627     1.95477
    -6.11729     1.49067     2.16829
    -6.10829     1.72625     2.48919
    -6.09829     1.78314     2.53581
    -6.08929     1.93255     2.72861
    -6.07929     2.03187     2.85117
    -6.06929     2.08604     2.91048
    -6.06029     2.12480     2.94949
    -6.05029     2.15551     2.97920
    -6.04129     2.09555     2.86817
    -6.03129     2.06557     2.80405
    -6.02129     2.10140     2.84504
    -6.01229     2.11257     2.85284
    -6.00229     2.11568     2.85062
    -5.99329     2.09653     2.81678
    -5.98329     2.03319     2.72103
    -5.97329     1.91943     2.55655
    -5.96429     1.80702     2.39552
    -5.95429     1.69686     2.23948
    -5.94429     1.59427     2.09524
    -5.93529     1.49994     1.96377
    -5.92529     1.16680     1.53895
    -5.91629     1.16785     1.53956
    -5.90629     1.18079     1.55705
    -5.89629     1.19978     1.58262
    -5.88729     1.21550     1.60277
    -5.87729     1.24249     1.63804
    -5.86829     1.28470     1.69408
    -5.85829     1.34053     1.76767
    -5.84829     1.40865     1.85636
    -5.83929     1.49167     1.96374
    -5.82929     1.59097     2.09156
    -5.82029     1.70257     2.23449
    -5.81029     1.81975     2.38334
    -5.80029     1.94197     2.53751
    -5.79129     1.96616     2.57611
    -5.78129     1.98254     2.60196
    -5.77229     2.05197     2.69083
    -5.76229     2.14699     2.81210
    -5.75229     2.23929     2.92943
    -5.74329     2.23642     2.92107
    -5.73329     2.14967     2.80144
    -5.72429     2.05624     2.67251
    -5.71429     1.95680     2.53504
    -5.70429     1.89407     2.44728
    -5.69529     1.87035     2.41349
    -5.68529     1.84480     2.37714
    -5.67629     1.82160     2.34367
    -5.66629     1.80905     2.32359
    -5.65629     1.80821     2.31851
    -5.64729     1.81776     2.32641
    -5.63729     1.82857     2.33417
    -5.62829     1.83832     2.34007
    -5.61829     1.84553     2.34270
    -5.60829     1.85012     2.34215
    -5.59929     1.85147     2.33733
    -5.58929     1.84538     2.32290
    -5.58029     1.82981     2.29571
    -5.57029     1.80942     2.26182
    -5.56029     1.79278     2.23381
    -5.55129     1.77978     2.21174
    -5.54129     1.76825     2.19275
    -5.53229     2.04000     2.54888
    -5.52229     1.94800     2.41735
    -5.51229     1.84678     2.27531
    -5.50329     1.80236     2.21175
    -5.49329     1.76635     2.16149
    -5.48429     1.72030     2.09969
    -5.47429     1.66019     2.02106
    -5.46429     1.60146     1.94399
    -5.45529     1.58497     1.91558
    -5.44529     1.55092     1.86321
    -5.43529     1.61406     1.92330
    -5.42629     1.62867     1.93707
    -5.41629     1.49076     1.77557
    -5.40729     1.21040     1.44592
    -5.39729     0.96694     1.15599
    -5.38729     0.75745     0.90613
    -5.37829     0.58201     0.69629
    -5.36829     0.46926     0.56097
    -5.35929     0.53385     0.63857
    -5.34929     0.60441     0.72298
    -5.33929     0.68571     0.81969
    -5.33029     0.79176     0.94468
    -5.32029     0.93582     1.11324
    -5.31129     1.17801     1.39581
    -5.30129     1.41670     1.67510
    -5.29129     1.57688     1.86045
    -5.28229     1.75524     2.06812
    -5.27229     1.99933     2.35780
    -5.26329     2.22792     2.62945
    -5.25329     2.42702     2.86585
    -5.24329     2.65653     3.13556
    -5.23429     2.88647     3.40294
    -5.22429     3.07343     3.61778
    -5.21529     3.06529     3.60259
    -5.20529     2.96508     3.47876
    -5.19529     2.85270     3.33990
    -5.18629     2.69315     3.14548
    -5.17629     2.40228     2.79759
    -5.16729     1.96964     2.29062
    -5.15729     1.94371     2.25228
    -5.14729     1.95520     2.25549
    -5.13829     1.97384     2.26695
    -5.12829     1.98827     2.27326
    -5.11929     1.99653     2.27222
    -5.10929     1.99866     2.26370
    -5.09929     1.99463     2.24775
    -5.09029     1.98562     2.22594
    -5.08029     1.98056     2.20847
    -5.07129     1.98859     2.20755
    -5.06129     1.99901     2.20979
    -5.05129     2.03565     2.23990
    -5.04229     2.18878     2.39053
    -5.03229     2.25130     2.44616
    -5.02329     2.23462     2.42121
    -5.01329     2.21012     2.38833
    -5.00329     2.17902     2.34865
    -4.99429     2.14197     2.30303
    -4.98429     2.10341     2.25598
    -4.97529     2.06935     2.21378
    -4.96529     2.07190     2.21006
    -4.95529     2.12833     2.26326
    -4.94629     2.24068     2.37630
    -4.93629     2.34204     2.47746
    -4.92629     2.39540     2.52819
    -4.91729     2.41563     2.54569
    -4.90729     2.46081     2.59176
    -4.89829     2.52376     2.65651
    -4.88829     2.64138     2.77685
    -4.87829     2.77693     2.91494
    -4.86929     2.91024     3.05027
    -4.85929     2.98446     3.12017
    -4.85029     3.00472     3.13226
    -4.84029     3.00600     3.12438
    -4.83029     2.99853     3.10740
    -4.82129     2.98251     3.08158
    -4.81129     2.95517     3.04413
    -4.80229     2.80416     2.88145
    -4.79229     2.61508     2.67971
    -4.78229     2.53196     2.58703
    -4.77329     2.44700     2.49438
    -4.76329     2.38345     2.42401
    -4.75429     2.34594     2.37943
    -4.74429     2.32713     2.35209
    -4.73429     2.32673     2.34165
    -4.72529     2.34013     2.34483
    -4.71529     2.38539     2.37890
    -4.70629     2.43236     2.41464
    -4.69629     2.47548     2.44599
    -4.68629     2.55005     2.50719
    -4.67729     2.56490     2.51093
    -4.66729     2.72653     2.63935
    -4.65829     2.76619     2.65895
    -4.64829     2.84515     2.72087
    -4.63829     2.90277     2.77203
    -4.62929     2.77937     2.64885
    -4.61929     2.65297     2.52249
    -4.61029     2.53319     2.40248
    -4.60029     2.52109     2.38688
    -4.59029     2.52653     2.38823
    -4.58129     2.56955     2.42515
    -4.57129     2.34905     2.21168
    -4.56229     2.35864     2.22639
    -4.55229     2.33663     2.20941
    -4.54229     2.29677     2.17338
    -4.53329     2.23907     2.11845
    -4.52329     2.17739     2.05891
    -4.51429     2.13051     2.01358
    -4.50429     2.10033     1.98406
    -4.49429     2.08382     1.96752
    -4.48529     2.07862     1.96108
    -4.47529     2.08156     1.96189
    -4.46629     2.08897     1.96665
    -4.45629     2.10085     1.97515
    -4.44629     1.94295     1.81798
    -4.43729     1.98608     1.85491
    -4.42729     2.03322     1.89503
    -4.41729     2.32422     2.14731
    -4.40829     2.38087     2.18915
    -4.39829     2.45737     2.24815
    -4.38929     2.54758     2.31962
    -4.37929     2.63958     2.39152
    -4.36929     2.74900     2.47871
    -4.36029     2.87815     2.58282
    -4.35029     3.01566     2.69420
    -4.34129     3.12822     2.78249
    -4.33129     3.12833     2.76800
    -4.32129     3.14836     2.77059
    -4.31229     3.22764     2.82463
    -4.30229     3.33003     2.89769
    -4.29329     3.36777     2.91806
    -4.28329     3.55159     3.06020
    -4.27329     3.87173     3.31875
    -4.26429     4.86604     4.14092
    -4.25429     4.52315     3.88479
    -4.24529     4.77429     4.09963
    -4.23529     5.09622     4.36783
    -4.22529     5.35217     4.57599
    -4.21629     5.55203     4.72932
    -4.20629     5.62184     4.74296
    -4.19729     5.64487     4.72488
    -4.18729     5.61122     4.68179
    -4.17729     5.27417     4.40432
    -4.16829     4.84173     4.05081
    -4.15829     4.26548     3.55958
    -4.14929     4.04034     3.37284
    -4.13929     3.76338     3.13447
    -4.12929     3.54011     2.93964
    -4.12029     3.37260     2.79359
    -4.11029     3.25847     2.69425
    -4.10129     3.10779     2.55958
    -4.09129     3.03051     2.48603
    -4.08129     3.01233     2.46912
    -4.07229     2.95941     2.43399
    -4.06229     2.86992     2.34543
    -4.05329     2.83584     2.30344
    -4.04329     3.00085     2.42959
    -4.03329     3.72930     2.97685
    -4.02429     4.19511     3.32073
    -4.01429     4.43944     3.48588
    -4.00529     4.58756     3.57436
    -3.99529     4.74587     3.67240
    -3.98529     5.88865     4.52141
    -3.97629     4.65810     3.54525
    -3.96629     4.45605     3.35452
    -3.95729     4.32594     3.21758
    -3.94729     4.21787     3.09663
    -3.93729     4.26157     3.09237
    -3.92829     4.26525     3.06761
    -3.91829     4.27489     3.04223
    -3.90829     4.26621     3.00481
    -3.89929     4.23585     2.95313
    -3.88929     4.19517     2.89657
    -3.88029     4.14975     2.83997
    -3.87029     4.09484     2.77909
    -3.86029     4.03047     2.71388
    -3.85129     4.04273     2.70711
    -3.84129     3.92388     2.63164
    -3.83229     3.90392     2.62165
    -3.82229     3.91823     2.62996
    -3.81229     3.90186     2.61392
    -3.80329     3.86812     2.58444
    -3.79329     3.83813     2.55684
    -3.78429     3.80539     2.52877
    -3.77429     3.64458     2.41746
    -3.76429     3.16425     2.09844
    -3.75529     3.29623     2.18700
    -3.74529     3.70177     2.45501
    -3.73629     3.92029     2.59319
    -3.72629     4.10629     2.70517
    -3.71629     4.32430     2.83498
    -3.70729     4.79766     3.13854
    -3.69729     5.06195     3.29920
    -3.68829     5.36378     3.46953
    -3.67829     6.13612     3.94585
    -3.66829     6.92291     4.42805
    -3.65929     8.74443     5.58939
    -3.64929     6.10215     3.82396
    -3.64029     6.42142     3.96647
    -3.63029     6.75674     4.19537
    -3.62029     4.77667     2.95753
    -3.61129     3.60335     2.21055
    -3.60129     3.64186     2.23758
    -3.59229     4.01758     2.47054
    -3.58229     4.97593     3.06492
    -3.57229     5.97600     3.66836
    -3.56329     7.93876     4.82382
    -3.55329     8.99394     5.43792
    -3.54429     9.29752     5.59610
    -3.53429     8.91421     5.32532
    -3.52429     7.52289     4.44967
    -3.51529     4.94696     2.85139
    -3.50529     4.62868     2.61353
    -3.49629     4.62139     2.57814
    -3.48629     4.60191     2.53862
    -3.47629     4.70501     2.56420
    -3.46729     4.90440     2.64007
    -3.45729     5.17869     2.75529
    -3.44729     5.52866     2.91038
    -3.43829     5.96785     3.11724
    -3.42829     6.47973     3.36812
    -3.41929     7.11244     3.67994
    -3.40929     8.10677     4.16039
    -3.39929     8.63681     4.43101
    -3.39029     8.99862     4.61944
    -3.38029     9.17100     4.70687
    -3.37129     8.32202     4.26590
    -3.36129     7.53889     3.85155
    -3.35129     6.63061     3.35338
    -3.34229     5.68346     2.85944
    -3.33229     5.95329     2.98234
    -3.32329     6.39814     3.18674
    -3.31329     6.74904     3.34470
    -3.30329     6.87980     3.39410
    -3.29429     6.92224     3.40510
    -3.28429     6.92400     3.38138
    -3.27529     6.95466     3.37320
    -3.26529     6.94602     3.35280
    -3.25529     6.96489     3.34333
    -3.24629     7.02453     3.35242
    -3.23629     7.02821     3.34015
    -3.22729     6.97378     3.29992
    -3.21729     6.70767     3.15580
    -3.20729     6.16619     2.85646
    -3.19829     5.19124     2.34334
    -3.18829     4.17960     1.79499
    -3.17929     4.50876     1.91752
    -3.16929     4.64210     1.96997
    -3.15929     4.62723     1.95817
    -3.15029     4.62641     1.94694
    -3.14029     4.61386     1.93132
    -3.13129     4.58963     1.91132
    -3.12129     4.55368     1.88706
    -3.11129     4.53154     1.87048
    -3.10229     4.69393     1.94591
    -3.09229     4.90961     2.04878
    -3.08329     5.08912     2.13087
    -3.07329     5.26305     2.20651
    -3.06329     5.38084     2.24400
    -3.05429     5.53759     2.29506
    -3.04429     5.70475     2.35034
    -3.03529     5.70226     2.33649
    -3.02529     5.91251     2.40802
    -3.01529     6.66098     2.68956
    -3.00629     6.45530     2.57206
    -2.99629     7.16127     2.82739
    -2.98729     7.51956     2.93638
    -2.97729     8.00539     3.09656
    -2.96729     8.32154     3.19575
    -2.95829     8.50367     3.24392
    -2.94829     8.64570     3.27409
    -2.93829     8.83210     3.31960
    -2.92929     9.23770     3.41233
    -2.91929     9.74467     3.57332
    -2.91029    10.21397     3.71723
    -2.90029    10.30067     3.72061
    -2.89029     9.76599     3.50840
    -2.88129     9.41016     3.35767
    -2.87129     9.43344     3.34657
    -2.86229     9.78849     3.47189
    -2.85229    11.59560     4.15443
    -2.84229    14.63493     5.18088
    -2.83329    13.73822     4.84488
    -2.82329    13.38608     4.69390
    -2.81429    13.13074     4.56991
    -2.80429    12.78854     4.40112
    -2.79429    11.98902     4.11867
    -2.78529    11.42421     3.91044
    -2.77529    10.52375     3.53792
    -2.76629    10.19237     3.34002
    -2.75629     9.50028     3.03100
    -2.74629     9.24079     2.89847
    -2.73729     9.96705     3.17518
    -2.72729    11.15851     3.58988
    -2.71829    12.17451     3.94749
    -2.70829    13.29918     4.34310
    -2.69829    12.90162     4.22020
    -2.68929    11.89839     3.83207
    -2.67929    11.13525     3.53745
    -2.67029    10.57312     3.31569
    -2.66029    10.14916     3.14305
    -2.65029    10.09845     3.02970
    -2.64129    10.98794     3.20087
    -2.63129    12.50688     3.55180
    -2.62229    12.47573     3.51929
    -2.61229    11.43483     3.24922
    -2.60229    11.06727     3.14928
    -2.59329    10.63368     3.03205
    -2.58329    10.17443     2.90869
    -2.57429     9.79840     2.80904
    -2.56429    10.50433     2.98868
    -2.55429     7.52228     2.07671
    -2.54529     6.84532     1.87026
    -2.53529     6.40318     1.72495
    -2.52629     9.92927     2.58613
    -2.51629     9.19992     2.37820
    -2.50629     8.81181     2.25727
    -2.49729     8.49484     2.15719
    -2.48729     8.49643     2.14424
    -2.47829     8.53518     2.14013
    -2.46829     8.63157     2.14862
    -2.45829     8.78497     2.16962
    -2.44929     8.72979     2.15133
    -2.43929     8.86790     2.18052
    -2.42929     8.98754     2.20008
    -2.42029     9.06279     2.20707
    -2.41029     8.81598     2.13226
    -2.40129     8.13343     1.95528
    -2.39129     7.26861     1.73954
    -2.38129    10.45300     2.58731
    -2.37229    10.66482     2.60688
    -2.36229    10.93853     2.64619
    -2.35329    11.14841     2.66915
    -2.34329     9.68341     2.24743
    -2.33329     8.35732     1.91016
    -2.32429     8.27546     1.87799
    -2.31429     8.21943     1.85234
    -2.30529     8.14516     1.82335
    -2.29529     8.22530     1.82716
    -2.28529     8.33755     1.83762
    -2.27629     8.45629     1.84965
    -2.26629     8.57687     1.86228
    -2.25729     8.77432     1.89084
    -2.24729     9.07086     1.93481
    -2.23729     9.32140     1.96025
    -2.22829     9.54596     1.98119
    -2.21829     9.75732     1.99868
    -2.20929     9.96579     2.01629
    -2.19929    10.11456     2.02152
    -2.18929    10.20351     2.01423
    -2.18029    10.09854     1.97122
    -2.17029    10.01687     1.92656
    -2.16129    10.07498     1.90474
    -2.15129    10.23603     1.89476
    -2.14129    10.65376     1.91758
    -2.13229    11.33915     1.98510
    -2.12229    11.32501     1.94672
    -2.11329    11.12919     1.88991
    -2.10329    12.34429     2.10213
    -2.09329     9.87273     1.60214
    -2.08429     8.86747     1.41123
    -2.07429     8.15232     1.27043
    -2.06529     8.63896     1.32278
    -2.05529     9.81417     1.49773
    -2.04529    11.19087     1.77776
    -2.03629    12.02917     1.90188
    -2.02629    13.20534     2.06736
    -2.01729    14.29625     2.26354
    -2.00729    14.73273     2.31732
    -1.99729    13.31677     2.01116
    -1.98829     9.99039     1.39661
    -1.97829     9.82575     1.36484
    -1.96929    10.64048     1.44267
    -1.95929    14.09893     1.85152
    -1.94929    19.70006     2.60733
    -1.94029    18.27448     2.46156
    -1.93029    17.06312     2.29345
    -1.92029    15.76141     2.11859
    -1.91129    13.93223     1.89825
    -1.90129    14.57510     1.98847
    -1.89229    14.89773     2.01999
    -1.88229    15.68517     2.10501
    -1.87229    15.47153     2.04413
    -1.86329    18.53450     2.42228
    -1.85329    28.62718     3.59568
    -1.84429    35.10140     3.99069
    -1.83429    22.50345     2.42800
    -1.82429    21.10994     2.73933
    -1.81529    28.70646     3.56461
    -1.80529    30.49260     3.62528
    -1.79629    30.20519     3.51667
    -1.78629    29.67135     3.39331
    -1.77629    32.19886     3.61826
    -1.76729    26.05014     2.92414
    -1.75729    24.85693     2.81023
    -1.74829    24.05923     2.67527
    -1.73829    24.44027     2.65062
    -1.72829    25.25519     2.64108
    -1.71929    29.64802     3.10610
    -1.70929    29.91375     3.28535
    -1.70029    24.25321     2.47270
    -1.69029    27.33740     2.65282
    -1.68029    24.03736     2.28868
    -1.67129    20.20057     1.87169
    -1.66129    19.56221     1.74802
    -1.65229    26.47861     2.35713
    -1.64229    36.21417     3.31438
    -1.63229    39.50185     3.84868
    -1.62329    24.99130     2.22553
    -1.61329    19.68869     1.76650
    -1.60429    20.80253     1.92715
    -1.59429    26.49663     2.53387
    -1.58429    40.34469     3.62177
    -1.57529    28.73370     2.54382
    -1.56529    22.64328     1.99071
    -1.55629    26.93314     2.37002
    -1.54629    26.46132     2.32599
    -1.53629    23.50967     2.08895
    -1.52729    21.15011     1.88743
    -1.51729    36.76287     2.98963
    -1.50829    32.68868     2.70448
    -1.49829    21.61642     1.79512
    -1.48829    21.13415     1.80970
    -1.47929    22.40483     1.96188
    -1.46929    22.64776     2.00324
    -1.46029    22.97681     2.04805
    -1.45029    26.06203     2.29997
    -1.44029    27.89488     2.42285
    -1.43129    30.79431     2.57894
    -1.42129    33.53523     2.62679
    -1.41129    23.08022     1.92956
    -1.40229    19.37555     1.65163
    -1.39229    19.60633     1.63811
    -1.38329    18.94629     1.54237
    -1.37329    14.30885     1.18370
    -1.36329     7.81893     0.68443
    -1.35429     4.38883     0.40033
    -1.34429     1.43493     0.10092
    -1.33529     4.51000     0.31643
    -1.32529     9.83258     0.74844
    -1.31529    12.82559     1.02496
    -1.30629    16.77761     1.32495
    -1.29629    23.83034     1.88226
    -1.28729    24.93021     1.93107
    -1.27729    24.47975     1.82933
    -1.26729    24.58075     1.80646
    -1.25829    23.55616     1.72372
    -1.24829    18.46001     1.33128
    -1.23929    17.25872     1.25723
    -1.22929    18.60177     1.36952
    -1.21929    27.68414     2.05549
    -1.21029    27.93699     2.13970
    -1.20029    25.96646     1.97485
    -1.19129    23.69509     1.75913
    -1.18129    22.53735     1.51929
    -1.17129    26.54897     1.59642
    -1.16229    18.41567     1.06266
    -1.15229    19.14558     1.09088
    -1.14329    25.11984     1.39577
    -1.13329    22.98351     1.33548
    -1.12329    15.60403     0.95362
    -1.11429    16.26988     1.12893
    -1.10429    19.75792     1.48313
    -1.09529    19.77570     1.54287
    -1.08529    16.38789     1.21359
    -1.07529    18.56860     1.42394
    -1.06629    22.43570     1.79703
    -1.05629    19.49158     1.55437
    -1.04729    16.61701     1.31804
    -1.03729    15.12730     1.19505
    -1.02729    16.02213     1.28188
    -1.01829    30.76258     2.82439
    -1.00829    24.93919     2.11228
    -0.99929    26.56988     2.19062
    -0.98929    27.20104     2.19578
    -0.97929    19.92035     1.60713
    -0.97029    12.91748     1.12460
    -0.96029    10.45565     0.99015
    -0.95029    15.74633     1.47688
    -0.94129    19.87974     1.91720
    -0.93129    20.10061     1.95708
    -0.92229    20.10766     1.95678
    -0.91229    20.86838     1.99675
    -0.90229    20.22496     1.90259
    -0.89329    19.56409     1.79551
    -0.88329    18.14589     1.60501
    -0.87429    16.99895     1.42649
    -0.86429    15.45241     1.23456
    -0.85429    15.61781     1.21119
    -0.84529    20.43368     1.62064
    -0.83529    23.21925     1.76011
    -0.82629    21.70351     1.67278
    -0.81629    16.34907     1.32734
    -0.80629    15.76989     1.27778
    -0.79729    15.96228     1.27278
    -0.78729    15.70285     1.25903
    -0.77829    21.06519     1.65839
    -0.76829    25.73044     1.99443
    -0.75829    27.52505     2.10152
    -0.74929    23.79283     1.84352
    -0.73929    20.19708     1.54949
    -0.73029    10.09352     0.70723
    -0.72029    10.16243     0.66676
    -0.71029    10.65236     0.66787
    -0.70129    11.21062     0.70314
    -0.69129    11.64847     0.75754
    -0.68229    13.92450     0.93989
    -0.67229    16.78986     1.16144
    -0.66229    20.22527     1.39390
    -0.65329    23.17691     1.57765
    -0.64329    24.21768     1.67678
    -0.63429    22.55296     1.62446
    -0.62429    22.61694     1.62868
    -0.61429    27.92572     1.97249
    -0.60529    30.25416     2.14301
    -0.59529    30.05593     2.25379
    -0.58629    25.14796     2.01709
    -0.57629    19.58980     1.73469
    -0.56629     8.96166     0.84283
    -0.55729    14.03296     1.37521
    -0.54729    26.00806     2.33402
    -0.53829    40.10052     3.31087
    -0.52829    40.30105     3.30770
    -0.51829    26.11643     2.00150
    -0.50929    19.61266     1.28018
    -0.49929    18.80725     1.07653
    -0.49029    14.18608     0.90006
    -0.48029    16.03957     1.01290
    -0.47029    18.30324     1.15357
    -0.46129    25.93361     1.74784
    -0.45129    19.86504     1.28479
    -0.44129    10.78030     0.67805
    -0.43229     8.02754     0.56591
    -0.42229     6.77497     0.56888
    -0.41329    12.69579     1.13708
    -0.40329    23.62898     2.06864
    -0.39329    27.85753     2.09556
    -0.38429    27.44676     1.93633
    -0.37429    24.79533     1.79035
    -0.36529    24.05676     1.71646
    -0.35529    17.69309     1.16300
    -0.34529    21.71976     1.48759
    -0.33629    22.45039     1.73081
    -0.32629    18.05154     1.48671
    -0.31729    17.52805     1.49164
    -0.30729    16.52627     1.44932
    -0.29729    15.30835     1.38745
    -0.28829    13.91830     1.30459
    -0.27829     9.52646     0.95057
    -0.26929     7.19222     0.76563
    -0.25929     2.80343     0.28435
    -0.24929     2.21556     0.22865
    -0.24029     1.75578     0.18554
    -0.23029     1.41361     0.15400
    -0.22129     1.16372     0.13083
    -0.21129     0.98512     0.11343
    -0.20129     0.86051     0.10042
    -0.19229     0.74701     0.08844
    -0.18229     0.64260     0.07731
    -0.17329     0.54725     0.06704
    -0.16329     0.46094     0.05763
    -0.15329     0.38376     0.04908
    -0.14429     0.31559     0.04139
    -0.13429     0.25651     0.03456
    -0.12529     0.20650     0.02859
    -0.11529     0.16555     0.02348
    -0.10529     0.13367     0.01923
    -0.09629     0.10903     0.01570
    -0.08629     0.08708     0.01254
    -0.07729     0.06759     0.00973
    -0.06729     0.05056     0.00728
    -0.05729     0.03601     0.00518
    -0.04829     0.02391     0.00344
    -0.03829     0.01429     0.00206
    -0.02929     0.00713     0.00103
    -0.01929     0.00243     0.00035
    -0.00929     0.00020     0.00003
    -0.00029     0.00000     0.00000
     0.00971     0.00000     0.00000
     0.01871     0.00000     0.00000
     0.02871     0.00000     0.00000
     0.03871     0.00000     0.00000
     0.04771     0.00000     0.00000
     0.05771     0.00000     0.00000
     0.06771     0.00000     0.00000
     0.07671     0.00000     0.00000
     0.08671     0.00000     0.00000
     0.09571     0.00000     0.00000
     0.10571     0.00000     0.00000
     0.11571     0.00000     0.00000
     0.12471     0.00000     0.00000
     0.13471     0.00000     0.00000
     0.14371     0.00000     0.00000
     0.15371     0.00000     0.00000
     0.16371     0.00000     0.00000
     0.17271     0.00000     0.00000
     0.18271     0.00000     0.00000
     0.19171     0.00000     0.00000
     0.20171     0.00000     0.00000
     0.21171     0.00000     0.00000
     0.22071     0.00000     0.00000
     0.23071     0.00000     0.00000
     0.23971     0.00000     0.00000
     0.24971     0.00000     0.00000
     0.25971     0.00000     0.00000
     0.26871     0.00000     0.00000
     0.27871     0.00000     0.00000
     0.28771     0.00000     0.00000
     0.29771     0.00000     0.00000
     0.30771     0.00000     0.00000
     0.31671     0.00000     0.00000
     0.32671     0.00000     0.00000
     0.33571     0.00000     0.00000
     0.34571     0.00000     0.00000
     0.35571     0.00000     0.00000
     0.36471     0.00000     0.00000
     0.37471     0.00000     0.00000
     0.38371     0.00000     0.00000
     0.39371     0.00000     0.00000
     0.40371     0.00000     0.00000
     0.41271     0.00000     0.00000
     0.42271     0.00000     0.00000
     0.43171     0.00000     0.00000
     0.44171     0.00000     0.00000
     0.45171     0.00000     0.00000
     0.46071     0.00000     0.00000
     0.47071     0.00000     0.00000
     0.47971     0.00000     0.00000
     0.48971     0.00000     0.00000
     0.49971     0.00000     0.00000
     0.50871     0.00000     0.00000
     0.51871     0.00000     0.00000
     0.52771     0.00000     0.00000
     0.53771     0.00000     0.00000
     0.54771     0.00000     0.00000
     0.55671     0.00000     0.00000
     0.56671     0.00000     0.00000
     0.57671     0.00000     0.00000
     0.58571     0.00000     0.00000
     0.59571     0.00000     0.00000
     0.60471     0.00000     0.00000
     0.61471     0.00000     0.00000
     0.62471     0.00000     0.00000
     0.63371     0.00000     0.00000
     0.64371     0.09155     0.00960
     0.65271     1.50200     0.15873
     0.66271     3.31776     0.35504
     0.67271     5.05658     0.54793
     0.68171     6.29813     0.69989
     0.69171     6.90852     0.79483
     0.70071     7.29050     0.84494
     0.71071     7.90672     0.91351
     0.72071     7.81923     0.89793
     0.72971     7.67668     0.88364
     0.73971     8.12144     0.94767
     0.74871     8.91387     1.05526
     0.75871    10.47856     1.26163
     0.76871    12.31835     1.50705
     0.77771    14.11692     1.75780
     0.78771    15.46285     1.95482
     0.79671    15.65332     2.00534
     0.80671    15.92186     2.10545
     0.81671    14.78767     2.01991
     0.82571    12.95013     1.82754
     0.83571    11.83191     1.71341
     0.84471    11.79334     1.72934
     0.85471    11.67314     1.73232
     0.86471    11.85852     1.77209
     0.87371    12.25341     1.84064
     0.88371    11.94384     1.81346
     0.89271    11.78824     1.81260
     0.90271    11.72032     1.83313
     0.91271    11.71357     1.87150
     0.92171    12.09835     1.96985
     0.93171    12.10382     1.97841
     0.94071    15.93149     2.54462
     0.95071    16.31132     2.57855
     0.96071    16.46256     2.58624
     0.96971    17.28518     2.70716
     0.97971    17.28869     2.71254
     0.98871    14.95660     2.35105
     0.99871    15.16601     2.43477
     1.00871    15.01754     2.49371
     1.01771    13.61701     2.31354
     1.02771    12.65159     2.15863
     1.03671    14.07739     2.35397
     1.04671    14.92416     2.45637
     1.05671    19.47625     3.16627
     1.06571    22.76647     3.67905
     1.07571    12.77642     2.09017
     1.08571     8.26537     1.40553
     1.09471     7.62636     1.31595
     1.10471     7.19956     1.25227
     1.11371     6.77298     1.18528
     1.12371     6.59265     1.16204
     1.13371     6.67469     1.18726
     1.14271     7.30837     1.31910
     1.15271     7.55947     1.38799
     1.16171     7.64036     1.42786
     1.17171     7.51538     1.43120
     1.18171     7.24198     1.40791
     1.19071     6.89946     1.37107
     1.20071     6.54803     1.33162
     1.20971     6.25355     1.30140
     1.21971     6.16524     1.30940
     1.22971     6.27893     1.35520
     1.23871     6.54800     1.43168
     1.24871     6.86733     1.51978
     1.25771     7.31101     1.63933
     1.26771     7.82266     1.77653
     1.27771     8.30390     1.90653
     1.28671     8.75895     2.03252
     1.29671     8.98397     2.11366
     1.30571     9.27228     2.19125
     1.31571     9.15791     2.13722
     1.32571     9.06048     2.11074
     1.33471     9.39487     2.21093
     1.34471    10.26640     2.44094
     1.35371    11.23645     2.69776
     1.36371    12.43045     3.01307
     1.37371    11.25877     2.78189
     1.38271     9.22820     2.34280
     1.39271     8.89096     2.29075
     1.40171     8.83930     2.32266
     1.41171     8.21285     2.17236
     1.42171     7.96457     2.14387
     1.43071     7.57525     2.07131
     1.44071     7.04579     1.95499
     1.44971     6.37617     1.79526
     1.45971     5.37209     1.57387
     1.46971     4.43628     1.34884
     1.47871     4.17300     1.27598
     1.48871     4.81536     1.46481
     1.49771     6.03680     1.83797
     1.50771     7.11451     2.17959
     1.51771     7.36573     2.22405
     1.52671     7.68115     2.29184
     1.53671     7.95748     2.37277
     1.54671     7.96239     2.38052
     1.55571     7.87683     2.36148
     1.56571     7.70520     2.30884
     1.57471     7.43990     2.21894
     1.58471     7.22556     2.14095
     1.59471     6.96196     2.06159
     1.60371     6.04332     1.81072
     1.61371     5.88955     1.78764
     1.62271     6.21892     1.95837
     1.63271     7.01305     2.28644
     1.64271     5.96748     1.95310
     1.65171     5.54391     1.83658
     1.66171     5.18904     1.74441
     1.67071     4.87491     1.66203
     1.68071     4.56432     1.57476
     1.69071     4.28646     1.49086
     1.69971     4.14686     1.44958
     1.70971     4.11466     1.44576
     1.71871     4.06153     1.43515
     1.72871     3.98810     1.41677
     1.73871     3.89925     1.39295
     1.74771     3.80020     1.36640
     1.75771     3.79434     1.37566
     1.76671     3.88428     1.42226
     1.77671     3.98636     1.47525
     1.78671     4.53946     1.74554
     1.79571     4.62688     1.81109
     1.80571     4.60066     1.82494
     1.81471     4.68437     1.88434
     1.82471     4.87404     1.98844
     1.83471     5.33283     2.23087
     1.84371     6.01307     2.61706
     1.85371     6.45262     2.88819
     1.86271     6.76035     3.02693
     1.87271     7.05835     3.14581
     1.88271     6.73265     3.01884
     1.89171     6.97056     3.11988
     1.90171     7.55247     3.37331
     1.91071     8.49742     3.77625
     1.92071     8.70148     3.85137
     1.93071     8.86727     3.91707
     1.93971     8.81327     3.90718
     1.94971     8.73441     3.89186
     1.95871     8.52551     3.82643
     1.96871     8.08752     3.66871
     1.97871     7.58733     3.48310
     1.98771     7.02452     3.26964
     1.99771     6.38823     3.02740
     2.00671     5.44722     2.65029
     2.01671     4.47859     2.26354
     2.02671     4.07523     2.10450
     2.03571     3.83173     1.99122
     2.04571     3.73987     1.94466
     2.05571     3.89754     2.01745
     2.06471     4.20747     2.15764
     2.07471     4.55110     2.31742
     2.08371     5.64787     2.81419
     2.09371     6.82039     3.34604
     2.10371     6.90592     3.36288
     2.11271     6.81087     3.29209
     2.12271     5.85999     2.82714
     2.13171     5.33024     2.58045
     2.14171     5.18960     2.51721
     2.15171     5.08572     2.47004
     2.16071     4.99526     2.42671
     2.17071     4.88849     2.37390
     2.17971     4.76531     2.31176
     2.18971     4.63136     2.24336
     2.19971     4.41187     2.13022
     2.20871     3.86837     1.85939
     2.21871     3.20858     1.55448
     2.22771     3.14540     1.53871
     2.23771     3.71048     1.82038
     2.24771     4.07883     1.99848
     2.25671     4.54542     2.22195
     2.26671     5.40456     2.62566
     2.27571     6.45816     3.11170
     2.28571     7.10519     3.41189
     2.29571     7.05636     3.39461
     2.30471     6.95082     3.35912
     2.31471     6.62019     3.23096
     2.32371     6.26632     3.09405
     2.33371     6.47210     3.18114
     2.34371     6.96257     3.39160
     2.35271     7.42826     3.70826
     2.36271     6.48717     3.25230
     2.37171     6.32582     3.17170
     2.38171     6.56126     3.33692
     2.39171     6.43945     3.33195
     2.40071     6.28136     3.26159
     2.41071     6.07838     3.16596
     2.41971     5.98696     3.13431
     2.42971     7.50122     3.98453
     2.43971     7.07335     3.77523
     2.44871     5.80411     3.10050
     2.45871     4.33494     2.30585
     2.46771     3.66101     1.95234
     2.47771     3.28818     1.76198
     2.48771     3.13725     1.68329
     2.49671     3.09712     1.66681
     2.50671     3.26726     1.76796
     2.51571     3.66088     1.97821
     2.52571     4.00729     2.17256
     2.53571     4.53598     2.46887
     2.54471     5.26299     2.87321
     2.55471     7.08569     3.84476
     2.56471     6.68769     3.61832
     2.57371     6.50586     3.48863
     2.58371     6.23905     3.30739
     2.59271     5.63063     2.95189
     2.60271     4.87243     2.52177
     2.61271     4.09544     2.08259
     2.62171     3.66550     1.84409
     2.63171     3.52356     1.77367
     2.64071     3.45711     1.75225
     2.65071     3.50481     1.81289
     2.66071     3.66422     1.94182
     2.66971     3.88880     2.10719
     2.67971     4.17843     2.30906
     2.68871     4.59927     2.58335
     2.69871     5.46852     3.14280
     2.70871     5.91540     3.44961
     2.71771     5.33798     3.11246
     2.72771     5.26356     3.08170
     2.73671     5.19827     3.03745
     2.74671     5.19325     3.01957
     2.75671     5.35002     3.07784
     2.76571     5.36071     3.05460
     2.77571     5.21549     3.01118
     2.78471     4.82962     2.84157
     2.79471     4.58963     2.73630
